2 1 130
1 2
3 3 106 251
4 4 105 188 241
3 5 112 252
3 6 115 256
3 7 107 197
3 8 109 235
2 9 165
3 10 120 270
3 11 118 238
2 12 123
3 13 111 248
3 14 114 250
4 15 113 202 268
5 16 126 293 203 273
2 17 132
3 18 117 237
3 19 119 255
2 20 135
3 21 121 243
3 22 124 262
3 23 131 264
3 24 122 207
3 25 141 272
3 26 138 266
3 27 139 265
3 28 140 279
2 29 142
2 30 143
3 31 145 297
3 32 147 280
4 34 110 159 244
2 35 149
2 37 151
3 38 128 209
3 39 146 236
2 40 152
5 41 125 204 295 210
2 42 153
2 43 169
2 44 154
3 45 155 288
2 46 173
2 47 175
2 48 176
2 49 183
3 50 160 269
2 51 178
2 52 274
3 53 157 253
2 55 186
5 56 129 214 282 246
3 57 158 283
3 58 144 217
2 59 189
3 60 163 287
3 61 181 289
3 62 150 222
3 63 166 239
3 64 170 291
2 66 194
2 67 206
2 68 182
2 69 211
2 70 192
2 71 208
4 72 127 198 281
2 73 196
3 74 172 254
4 75 137 200 245
3 76 199 292
4 77 247 162 260
2 78 215
3 79 174 258
4 80 133 218 261
2 81 219
2 82 177
2 83 223
4 84 257 193 263
4 85 134 220 267
2 86 190
4 87 136 224 284
3 88 156 230
2 89 201
2 90 205
5 91 185 298 164 276
4 92 171 226 277
2 93 228
1 94
3 95 187 232
2 96 191
2 97 278
2 98 229
5 99 148 225 285 286
2 100 233
2 101 231
2 102 195
5 103 161 227 290 294
2 104 240
