120 9999 9911 9827 9745 9659 9576 9491 9406 9323 9238 9152 9067 8983 8901 8819 8736 8651 8569 8485 8401 8317 8233 8151 8067 7985 7903 7820 7734 7649 7568 7485 7400 7315 7229 7144 7060 6978 6895 6811 6727 6642 6560 6475 6388 6304 6218 6132 6045 5963 5878 5794 5713 5629 5547 5462 5373 5290 5208 5123 5040 4956 4873 4789 4706 4623 4540 4455 4367 4283 4197 4113 4031 3949 3867 3783 3696 3613 3530 3448 3367 3284 3201 3116 3031 2949 2866 2783 2701 2617 2535 2451 2364 2280 2197 2112 2027 1943 1860 1777 1696 1613 1528 1444 1358 1275 1190 1102 1019 934 848 765 682 597 510 428 340 256 172 83 1
120 9998 9910 9826 9744 9658 9575 9490 9405 9322 9237 9151 9066 8982 8899 8818 8735 8650 8568 8484 8400 8316 8232 8150 8066 7984 7901 7819 7733 7648 7567 7484 7399 7314 7228 7143 7059 6977 6894 6810 6726 6641 6559 6474 6387 6303 6217 6131 6044 5962 5877 5793 5712 5628 5546 5461 5372 5289 5206 5122 5039 4955 4872 4788 4705 4621 4539 4454 4366 4282 4196 4112 4030 3948 3866 3782 3695 3612 3529 3447 3365 3283 3200 3115 3030 2948 2865 2782 2700 2616 2534 2450 2363 2279 2196 2111 2026 1942 1859 1776 1695 1612 1527 1443 1357 1274 1189 1101 1018 932 847 764 681 596 509 427 339 255 171 82 0
119 9997 9909 9825 9743 9657 9574 9489 9404 9321 9236 9150 9065 8981 8898 8816 8734 8649 8567 8483 8399 8315 8231 8149 8065 7983 7900 7818 7732 7647 7566 7483 7398 7313 7227 7142 7058 6976 6892 6809 6725 6640 6558 6473 6386 6302 6216 6130 6043 5960 5876 5792 5711 5627 5545 5460 5371 5288 5205 5121 5038 4954 4871 4787 4704 4620 4538 4453 4365 4281 4195 4111 4029 3947 3865 3781 3694 3611 3528 3446 3364 3282 3199 3114 3029 2947 2864 2781 2699 2615 2533 2449 2362 2278 2195 2110 2025 1941 1858 1775 1693 1611 1526 1442 1356 1273 1188 1100 1017 931 846 763 680 595 508 426 338 254 170 81
119 9995 9908 9824 9742 9656 9573 9488 9403 9320 9235 9149 9064 8980 8897 8815 8733 8648 8566 8482 8398 8314 8230 8148 8064 7982 7899 7817 7731 7646 7565 7482 7397 7312 7226 7141 7057 6975 6891 6808 6724 6639 6557 6472 6385 6301 6215 6129 6042 5959 5875 5791 5710 5626 5544 5459 5370 5287 5204 5120 5037 4953 4870 4786 4703 4619 4537 4452 4364 4280 4193 4110 4028 3946 3864 3780 3693 3610 3527 3445 3363 3281 3198 3113 3028 2946 2863 2780 2698 2614 2532 2448 2361 2277 2194 2109 2024 1940 1857 1774 1692 1609 1525 1441 1355 1272 1187 1099 1016 930 845 762 679 594 507 425 337 253 169 80
119 9994 9907 9823 9741 9655 9572 9487 9402 9319 9234 9148 9063 8979 8896 8814 8732 8647 8565 8481 8397 8313 8229 8147 8063 7981 7898 7816 7730 7645 7564 7481 7396 7311 7225 7140 7056 6974 6890 6807 6723 6638 6556 6471 6384 6300 6214 6128 6041 5958 5874 5790 5709 5625 5543 5458 5369 5286 5203 5119 5036 4952 4869 4785 4702 4618 4536 4451 4363 4279 4192 4109 4027 3945 3863 3779 3691 3609 3526 3444 3362 3280 3197 3112 3027 2945 2862 2779 2697 2613 2531 2447 2360 2276 2193 2108 2023 1939 1856 1773 1691 1608 1524 1440 1354 1271 1186 1098 1015 929 844 761 678 593 506 424 335 252 168 79
119 9993 9906 9822 9740 9654 9571 9486 9401 9318 9233 9147 9062 8978 8895 8813 8731 8646 8564 8480 8396 8312 8228 8146 8062 7980 7897 7815 7729 7644 7563 7480 7395 7310 7223 7139 7055 6973 6889 6806 6722 6637 6555 6469 6383 6299 6213 6127 6040 5957 5873 5789 5708 5624 5542 5457 5368 5285 5202 5118 5035 4951 4868 4784 4701 4617 4535 4450 4362 4278 4191 4108 4026 3944 3862 3777 3690 3608 3525 3443 3361 3279 3196 3111 3026 2944 2861 2778 2696 2612 2530 2446 2359 2275 2192 2107 2022 1938 1855 1772 1690 1607 1522 1439 1353 1270 1185 1097 1014 928 843 760 677 592 505 422 334 251 167 78
119 9992 9905 9821 9739 9653 9570 9485 9400 9317 9232 9146 9061 8977 8894 8812 8730 8645 8563 8479 8395 8311 8227 8145 8061 7979 7896 7814 7728 7643 7562 7478 7394 7309 7222 7138 7054 6971 6888 6805 6721 6636 6554 6468 6382 6298 6212 6126 6039 5956 5872 5788 5707 5623 5541 5456 5367 5284 5201 5117 5033 4950 4867 4783 4700 4616 4534 4449 4361 4277 4190 4107 4025 3943 3861 3776 3689 3607 3524 3442 3360 3278 3195 3110 3025 2943 2860 2777 2695 2611 2529 2445 2358 2274 2191 2105 2021 1937 1854 1771 1689 1606 1521 1438 1352 1269 1184 1096 1013 927 842 759 676 591 504 420 333 250 166 77
119 9991 9904 9820 9738 9652 9569 9484 9399 9316 9231 9145 9060 8976 8893 8811 8729 8644 8562 8478 8394 8310 8226 8144 8060 7978 7895 7812 7726 7642 7561 7477 7393 7308 7221 7137 7053 6970 6887 6804 6720 6635 6553 6467 6381 6297 6211 6125 6038 5955 5871 5787 5706 5622 5540 5454 5366 5283 5200 5116 5032 4949 4866 4782 4699 4615 4533 4448 4360 4276 4189 4106 4024 3942 3860 3775 3688 3606 3523 3441 3359 3277 3194 3109 3024 2942 2859 2776 2694 2610 2528 2444 2357 2273 2190 2104 2020 1936 1853 1770 1688 1605 1520 1437 1351 1268 1182 1095 1012 925 841 758 675 590 503 419 332 249 164 76
119 9990 9903 9819 9737 9651 9568 9483 9398 9315 9230 9144 9059 8975 8892 8810 8728 8643 8561 8477 8393 8309 8225 8143 8059 7977 7894 7811 7724 7641 7560 7476 7392 7307 7220 7136 7052 6969 6886 6803 6718 6634 6552 6466 6380 6296 6210 6124 6037 5954 5870 5786 5705 5621 5539 5453 5365 5282 5199 5115 5031 4948 4865 4781 4698 4614 4532 4447 4359 4275 4188 4105 4023 3941 3859 3774 3687 3605 3522 3440 3358 3276 3193 3108 3023 2941 2858 2775 2693 2609 2527 2443 2356 2272 2189 2103 2019 1935 1852 1769 1687 1604 1519 1436 1350 1267 1181 1094 1011 924 840 757 674 589 502 417 331 248 163 75
119 9989 9902 9818 9736 9650 9567 9482 9397 9314 9229 9143 9058 8974 8891 8809 8727 8642 8560 8476 8392 8308 8224 8142 8058 7976 7893 7810 7723 7640 7559 7475 7391 7306 7219 7134 7051 6968 6885 6802 6717 6633 6551 6465 6379 6294 6209 6123 6036 5953 5869 5785 5704 5620 5538 5452 5364 5281 5198 5114 5030 4947 4864 4780 4697 4613 4531 4446 4358 4274 4187 4104 4022 3940 3858 3773 3686 3604 3521 3439 3357 3275 3192 3107 3022 2940 2857 2774 2692 2608 2526 2442 2355 2271 2188 2102 2018 1934 1851 1768 1686 1603 1518 1434 1349 1266 1180 1093 1009 923 839 756 673 588 501 416 330 247 162 74
119 9988 9901 9817 9735 9649 9566 9481 9396 9313 9228 9142 9057 8973 8890 8808 8726 8641 8559 8475 8391 8307 8223 8141 8057 7975 7892 7809 7722 7639 7558 7474 7390 7305 7218 7133 7050 6967 6884 6801 6716 6632 6550 6464 6377 6293 6208 6122 6035 5952 5868 5784 5703 5619 5537 5451 5363 5280 5197 5113 5029 4946 4863 4779 4696 4612 4530 4445 4357 4273 4186 4103 4021 3939 3857 3772 3685 3603 3520 3438 3356 3274 3191 3106 3021 2939 2856 2773 2691 2607 2525 2441 2354 2270 2187 2101 2017 1933 1850 1767 1685 1602 1517 1433 1348 1265 1179 1092 1008 922 838 755 672 587 500 415 329 246 161 73
119 9986 9900 9816 9734 9648 9565 9480 9395 9312 9227 9141 9056 8972 8889 8807 8725 8640 8558 8474 8390 8306 8222 8140 8056 7974 7891 7808 7721 7638 7557 7473 7388 7304 7217 7132 7049 6966 6882 6800 6715 6631 6549 6463 6376 6292 6207 6120 6034 5951 5867 5783 5702 5618 5536 5450 5362 5279 5196 5112 5028 4945 4862 4778 4695 4611 4528 4444 4356 4272 4185 4102 4020 3938 3856 3771 3684 3602 3519 3437 3355 3273 3189 3105 3020 2938 2855 2772 2690 2606 2524 2440 2353 2269 2186 2100 2016 1932 1849 1766 1684 1601 1516 1432 1347 1264 1178 1090 1007 921 837 754 671 586 499 414 328 245 160 72
119 9985 9899 9815 9733 9647 9564 9479 9394 9311 9226 9140 9055 8971 8888 8806 8724 8639 8557 8473 8389 8305 8221 8139 8055 7972 7890 7807 7720 7637 7556 7472 7387 7303 7216 7131 7048 6965 6881 6799 6714 6629 6548 6462 6375 6291 6206 6118 6033 5950 5866 5782 5701 5617 5535 5449 5361 5278 5195 5111 5027 4944 4861 4777 4694 4610 4527 4443 4355 4270 4184 4101 4019 3937 3855 3770 3683 3601 3518 3436 3354 3272 3188 3104 3019 2937 2854 2771 2689 2605 2523 2439 2352 2268 2185 2099 2015 1931 1848 1765 1683 1600 1515 1431 1346 1263 1177 1089 1006 920 836 753 670 585 498 413 327 244 159 71
119 9984 9898 9814 9732 9646 9563 9478 9393 9310 9225 9139 9054 8970 8887 8805 8723 8638 8556 8472 8388 8304 8220 8138 8054 7971 7889 7806 7719 7636 7555 7471 7386 7302 7215 7130 7047 6964 6880 6798 6713 6628 6547 6461 6374 6290 6205 6117 6032 5949 5865 5781 5700 5616 5534 5448 5360 5277 5194 5110 5026 4943 4860 4776 4693 4609 4526 4441 4354 4269 4183 4100 4018 3936 3854 3769 3682 3600 3517 3435 3353 3271 3187 3103 3018 2936 2853 2770 2688 2604 2522 2438 2351 2267 2184 2098 2014 1930 1847 1764 1682 1599 1514 1430 1344 1262 1176 1088 1005 919 835 752 669 584 497 412 326 243 158 70
119 9983 9897 9813 9731 9645 9562 9477 9392 9309 9224 9138 9053 8969 8886 8804 8722 8637 8555 8471 8387 8303 8219 8137 8053 7970 7888 7805 7718 7635 7553 7470 7385 7301 7214 7129 7046 6963 6879 6797 6712 6627 6546 6460 6373 6289 6204 6116 6031 5948 5864 5780 5699 5615 5533 5447 5359 5276 5192 5109 5025 4942 4859 4775 4692 4608 4525 4440 4353 4268 4182 4099 4016 3935 3853 3768 3680 3599 3516 3434 3352 3270 3186 3102 3017 2935 2852 2769 2687 2603 2521 2437 2350 2266 2183 2097 2012 1929 1846 1763 1681 1598 1513 1429 1343 1261 1175 1087 1004 918 834 751 668 582 496 411 325 242 157 69
119 9982 9896 9812 9730 9644 9561 9476 9391 9308 9222 9137 9052 8968 8885 8803 8721 8636 8554 8470 8386 8302 8218 8136 8052 7969 7887 7804 7717 7634 7552 7469 7384 7300 7213 7128 7045 6962 6878 6796 6711 6626 6545 6459 6372 6288 6203 6115 6030 5946 5863 5779 5698 5614 5532 5446 5358 5275 5191 5108 5024 4941 4858 4774 4691 4607 4524 4439 4352 4267 4181 4098 4015 3934 3852 3767 3679 3598 3515 3433 3351 3269 3185 3101 3016 2934 2851 2768 2685 2602 2520 2436 2349 2265 2182 2096 2011 1928 1845 1762 1680 1597 1512 1428 1342 1260 1174 1086 1003 917 833 750 667 581 495 410 324 241 156 68
119 9981 9895 9811 9729 9643 9560 9475 9390 9306 9221 9136 9051 8967 8884 8802 8720 8635 8553 8469 8385 8301 8217 8135 8051 7968 7886 7803 7716 7633 7551 7468 7382 7299 7212 7127 7044 6961 6877 6795 6710 6625 6544 6458 6370 6287 6202 6114 6029 5945 5862 5778 5697 5613 5531 5444 5357 5274 5190 5107 5023 4940 4857 4773 4690 4606 4523 4438 4351 4266 4180 4097 4014 3933 3851 3766 3678 3597 3514 3432 3350 3268 3184 3100 3015 2933 2850 2767 2684 2601 2519 2435 2348 2264 2181 2095 2010 1927 1844 1761 1679 1596 1511 1427 1341 1259 1173 1085 1002 916 832 749 666 580 494 409 323 239 154 66
119 9980 9894 9810 9728 9642 9559 9474 9389 9305 9220 9135 9050 8966 8883 8801 8719 8634 8551 8468 8384 8300 8216 8134 8050 7967 7885 7802 7714 7632 7550 7467 7381 7298 7211 7126 7043 6960 6876 6794 6709 6624 6543 6457 6369 6286 6201 6113 6028 5944 5861 5777 5696 5612 5530 5443 5356 5273 5189 5106 5022 4939 4856 4772 4689 4605 4522 4437 4350 4265 4179 4096 4013 3932 3850 3765 3677 3596 3513 3431 3349 3267 3182 3098 3014 2932 2849 2766 2683 2600 2518 2433 2347 2263 2180 2094 2009 1926 1843 1760 1678 1595 1510 1426 1340 1258 1172 1084 1001 915 831 748 665 579 493 408 322 238 153 65
119 9979 9893 9809 9727 9641 9558 9473 9388 9304 9219 9134 9049 8965 8882 8800 8718 8633 8550 8467 8383 8299 8215 8133 8049 7966 7884 7801 7713 7631 7549 7466 7380 7296 7210 7125 7042 6959 6875 6793 6708 6623 6542 6456 6368 6285 6200 6112 6027 5943 5860 5776 5695 5611 5529 5441 5355 5272 5188 5105 5021 4938 4855 4771 4688 4604 4521 4436 4349 4264 4178 4095 4012 3931 3849 3764 3676 3595 3512 3430 3348 3266 3181 3097 3013 2931 2848 2765 2682 2599 2517 2432 2346 2262 2179 2093 2008 1925 1842 1759 1677 1594 1509 1425 1339 1257 1171 1083 1000 914 830 747 664 578 492 407 321 237 152 64
119 9977 9892 9808 9726 9640 9557 9472 9387 9303 9218 9133 9048 8964 8881 8799 8717 8632 8549 8466 8382 8298 8214 8132 8048 7965 7883 7800 7712 7630 7548 7465 7379 7295 7209 7124 7041 6958 6874 6792 6707 6622 6541 6455 6367 6284 6199 6111 6026 5942 5859 5775 5694 5610 5528 5438 5354 5271 5187 5104 5020 4937 4854 4770 4687 4603 4520 4435 4348 4263 4177 4094 4011 3930 3848 3763 3675 3594 3511 3429 3347 3265 3180 3096 3012 2930 2847 2764 2681 2598 2515 2430 2345 2261 2178 2092 2007 1924 1841 1758 1676 1593 1508 1424 1338 1256 1169 1082 999 913 829 746 662 577 491 406 320 236 151 63
119 9976 9891 9807 9725 9639 9556 9471 9385 9302 9217 9131 9047 8963 8880 8798 8715 8631 8548 8465 8381 8297 8213 8131 8047 7964 7882 7799 7711 7629 7547 7464 7378 7294 7208 7123 7040 6957 6873 6791 6706 6621 6540 6454 6366 6283 6198 6110 6025 5940 5858 5774 5693 5609 5527 5437 5353 5270 5185 5103 5019 4936 4853 4769 4686 4602 4519 4434 4347 4262 4176 4093 4010 3929 3847 3762 3674 3593 3510 3428 3346 3264 3179 3095 3011 2929 2846 2763 2680 2597 2514 2429 2344 2260 2177 2091 2006 1923 1840 1757 1675 1592 1507 1423 1337 1255 1168 1081 998 912 828 745 661 576 490 405 319 235 150 62
119 9975 9890 9806 9723 9638 9555 9470 9384 9301 9216 9130 9046 8962 8879 8797 8714 8630 8547 8464 8380 8296 8212 8130 8046 7963 7881 7798 7710 7628 7546 7463 7377 7293 7207 7122 7039 6956 6872 6790 6705 6620 6539 6453 6364 6282 6197 6109 6024 5939 5857 5773 5692 5608 5526 5436 5352 5269 5184 5102 5018 4935 4852 4768 4685 4601 4518 4433 4346 4261 4175 4092 4009 3928 3846 3761 3673 3592 3509 3427 3345 3263 3178 3094 3010 2928 2845 2762 2679 2596 2513 2428 2343 2259 2174 2089 2005 1922 1839 1756 1674 1590 1506 1422 1336 1254 1167 1080 997 911 827 744 660 575 489 404 318 234 149 61
119 9974 9889 9805 9722 9637 9554 9469 9383 9300 9215 9129 9045 8961 8878 8796 8713 8629 8546 8463 8379 8295 8211 8129 8045 7962 7880 7797 7709 7627 7545 7462 7376 7292 7206 7121 7038 6955 6871 6789 6704 6619 6538 6452 6363 6281 6196 6108 6023 5938 5856 5772 5691 5607 5525 5435 5351 5268 5183 5101 5017 4934 4851 4767 4684 4600 4517 4432 4345 4260 4174 4091 4008 3927 3845 3760 3672 3591 3508 3426 3344 3262 3177 3093 3009 2927 2844 2761 2678 2595 2512 2427 2342 2258 2173 2087 2004 1921 1838 1755 1673 1589 1505 1421 1335 1253 1166 1079 996 910 826 743 659 573 488 403 317 233 148 60
119 9973 9888 9804 9721 9636 9553 9468 9382 9299 9214 9127 9044 8960 8877 8795 8712 8628 8545 8462 8378 8294 8210 8128 8044 7961 7879 7796 7708 7626 7544 7461 7375 7291 7205 7120 7037 6954 6870 6788 6703 6618 6537 6451 6362 6280 6195 6107 6022 5937 5855 5771 5690 5606 5524 5434 5350 5267 5182 5100 5016 4933 4850 4766 4683 4599 4516 4431 4344 4259 4173 4090 4007 3926 3844 3759 3671 3590 3507 3425 3343 3261 3176 3092 3008 2926 2843 2760 2677 2594 2511 2426 2341 2257 2172 2086 2003 1920 1837 1754 1672 1588 1504 1420 1334 1252 1165 1078 995 909 825 742 658 571 487 402 316 231 147 59
119 9972 9887 9803 9720 9635 9552 9467 9381 9298 9213 9126 9043 8959 8876 8794 8711 8627 8544 8461 8377 8293 8209 8127 8043 7960 7878 7795 7707 7625 7543 7460 7374 7290 7204 7119 7036 6953 6869 6787 6702 6617 6536 6450 6361 6279 6194 6106 6021 5936 5854 5770 5689 5605 5523 5433 5349 5266 5181 5099 5015 4932 4849 4765 4682 4598 4515 4430 4343 4257 4172 4089 4006 3925 3843 3758 3670 3589 3506 3424 3342 3260 3175 3091 3007 2924 2842 2759 2676 2593 2510 2425 2340 2256 2171 2085 2002 1919 1836 1753 1671 1587 1503 1419 1333 1251 1164 1077 994 908 824 741 657 570 486 401 315 230 146 58
119 9971 9886 9802 9719 9634 9551 9465 9380 9297 9212 9125 9042 8958 8875 8793 8710 8626 8543 8460 8376 8292 8208 8126 8042 7959 7877 7794 7706 7624 7542 7459 7373 7289 7203 7118 7035 6952 6868 6786 6701 6616 6535 6449 6360 6278 6193 6105 6020 5935 5853 5769 5688 5604 5522 5432 5348 5265 5180 5098 5014 4931 4848 4764 4681 4597 4514 4429 4342 4256 4171 4088 4005 3924 3842 3756 3669 3588 3505 3423 3341 3259 3174 3090 3006 2923 2841 2758 2675 2592 2509 2424 2339 2255 2170 2084 2001 1918 1835 1752 1670 1586 1502 1418 1332 1250 1163 1076 993 907 823 740 656 569 485 400 314 229 145 57
119 9970 9885 9801 9718 9633 9550 9464 9379 9296 9211 9124 9041 8957 8874 8792 8709 8625 8542 8459 8374 8291 8207 8125 8041 7958 7876 7793 7705 7623 7541 7458 7372 7288 7202 7117 7034 6951 6867 6785 6700 6615 6534 6448 6359 6277 6192 6104 6019 5934 5852 5768 5687 5603 5521 5431 5347 5264 5179 5097 5013 4929 4847 4763 4680 4596 4513 4428 4341 4255 4170 4087 4004 3923 3841 3755 3668 3587 3504 3422 3340 3258 3173 3089 3005 2922 2840 2757 2674 2591 2508 2423 2338 2254 2169 2083 2000 1917 1834 1751 1669 1585 1501 1417 1331 1246 1162 1075 992 905 822 739 655 568 484 398 313 228 144 56
119 9969 9884 9800 9717 9632 9549 9463 9378 9295 9210 9123 9039 8956 8873 8791 8708 8624 8541 8458 8373 8290 8206 8124 8040 7957 7875 7792 7704 7622 7540 7457 7371 7287 7201 7116 7033 6950 6866 6784 6699 6614 6533 6447 6358 6276 6191 6103 6018 5933 5851 5767 5686 5602 5520 5430 5346 5263 5178 5096 5012 4928 4846 4762 4679 4595 4512 4427 4340 4254 4169 4086 4003 3922 3840 3754 3667 3586 3503 3421 3338 3257 3172 3088 3004 2921 2839 2756 2673 2590 2507 2422 2337 2253 2168 2082 1999 1915 1833 1750 1668 1584 1500 1416 1330 1245 1161 1074 991 904 821 738 654 567 483 397 312 227 143 55
119 9968 9883 9799 9716 9631 9548 9462 9377 9294 9209 9122 9038 8955 8872 8790 8707 8623 8540 8457 8372 8289 8205 8123 8039 7956 7874 7791 7703 7621 7539 7456 7370 7286 7200 7115 7032 6949 6865 6783 6698 6613 6532 6446 6357 6275 6190 6102 6017 5932 5849 5766 5685 5601 5519 5428 5345 5262 5177 5095 5011 4927 4845 4761 4678 4594 4511 4425 4339 4253 4168 4085 4002 3921 3839 3753 3666 3585 3502 3420 3337 3256 3171 3087 3003 2920 2838 2755 2672 2589 2506 2420 2335 2252 2167 2081 1998 1914 1832 1749 1667 1583 1499 1415 1329 1244 1160 1073 990 903 820 737 653 566 482 396 311 226 142 54
119 9966 9882 9798 9715 9630 9546 9461 9376 9293 9208 9121 9037 8954 8871 8789 8706 8622 8539 8456 8371 8287 8204 8122 8038 7955 7873 7790 7702 7620 7538 7455 7369 7285 7199 7114 7031 6948 6864 6782 6697 6612 6531 6445 6356 6274 6189 6101 6016 5931 5848 5765 5684 5600 5518 5427 5344 5261 5176 5094 5010 4926 4844 4760 4677 4593 4510 4423 4338 4252 4167 4084 4001 3920 3837 3752 3665 3584 3501 3419 3336 3255 3170 3086 3002 2919 2837 2754 2671 2588 2505 2419 2334 2251 2166 2080 1997 1913 1831 1748 1666 1582 1498 1414 1328 1243 1159 1072 989 902 819 736 652 564 481 395 310 225 141 53
119 9965 9881 9797 9714 9629 9545 9459 9375 9292 9207 9120 9036 8953 8870 8788 8705 8621 8538 8455 8370 8286 8203 8121 8037 7954 7872 7789 7701 7619 7537 7454 7368 7284 7198 7113 7030 6947 6863 6781 6696 6611 6529 6444 6355 6273 6188 6100 6015 5930 5847 5764 5683 5599 5517 5425 5343 5260 5175 5093 5009 4925 4843 4759 4676 4592 4509 4422 4337 4251 4166 4083 4000 3919 3836 3751 3664 3583 3500 3418 3335 3254 3169 3085 3001 2918 2835 2753 2670 2587 2504 2418 2333 2250 2165 2079 1996 1912 1830 1747 1665 1581 1497 1412 1327 1242 1158 1071 988 901 818 735 650 563 480 394 309 224 140 52
119 9964 9880 9796 9713 9628 9544 9458 9374 9291 9206 9119 9035 8952 8869 8787 8704 8620 8537 8454 8369 8285 8202 8120 8036 7953 7871 7788 7700 7618 7536 7453 7367 7283 7197 7112 7029 6946 6862 6780 6694 6610 6528 6443 6354 6272 6187 6099 6014 5929 5846 5763 5682 5597 5516 5424 5342 5259 5174 5092 5008 4924 4842 4758 4675 4591 4508 4421 4336 4250 4165 4082 3999 3918 3835 3750 3663 3582 3499 3417 3334 3253 3168 3084 3000 2917 2834 2752 2669 2586 2503 2417 2332 2249 2164 2078 1995 1911 1829 1746 1664 1580 1496 1411 1326 1241 1157 1070 987 900 817 734 649 562 479 393 308 223 139 51
119 9963 9879 9795 9712 9627 9543 9457 9373 9290 9205 9118 9034 8951 8868 8786 8703 8619 8536 8453 8368 8284 8201 8119 8035 7952 7870 7787 7699 7617 7535 7452 7366 7282 7196 7111 7028 6945 6861 6779 6693 6609 6527 6442 6353 6271 6185 6098 6013 5928 5845 5762 5681 5596 5515 5423 5341 5258 5173 5091 5007 4923 4841 4757 4674 4590 4507 4420 4335 4249 4164 4081 3998 3917 3834 3749 3662 3581 3498 3416 3333 3252 3167 3083 2999 2916 2833 2751 2668 2585 2502 2416 2331 2248 2163 2077 1994 1910 1828 1745 1663 1579 1495 1410 1325 1240 1156 1069 986 899 816 733 648 561 478 392 307 222 138 50
119 9962 9878 9794 9711 9626 9541 9456 9372 9289 9204 9117 9033 8950 8867 8785 8702 8618 8535 8452 8367 8283 8200 8118 8034 7951 7869 7786 7698 7616 7534 7451 7365 7281 7195 7110 7027 6944 6860 6778 6692 6608 6526 6441 6352 6270 6184 6097 6012 5927 5844 5761 5680 5595 5514 5422 5340 5257 5172 5090 5006 4922 4840 4756 4673 4589 4506 4419 4334 4248 4163 4080 3997 3916 3833 3748 3661 3580 3497 3415 3332 3251 3166 3082 2998 2915 2832 2750 2667 2584 2501 2415 2330 2247 2162 2076 1993 1909 1827 1744 1662 1578 1494 1409 1324 1239 1155 1068 985 898 815 732 647 560 477 391 306 221 137 49
119 9961 9877 9793 9710 9625 9540 9455 9371 9287 9203 9116 9032 8949 8866 8784 8701 8617 8534 8451 8366 8282 8199 8117 8033 7950 7868 7785 7697 7615 7533 7450 7364 7280 7194 7109 7026 6943 6859 6777 6691 6607 6525 6440 6351 6269 6183 6096 6011 5926 5843 5760 5679 5594 5513 5421 5339 5256 5171 5089 5005 4921 4839 4755 4671 4588 4505 4418 4333 4247 4161 4079 3996 3915 3832 3747 3660 3579 3496 3414 3331 3250 3165 3081 2997 2914 2831 2749 2666 2583 2500 2414 2329 2246 2161 2075 1992 1908 1826 1743 1661 1577 1493 1408 1323 1238 1154 1067 984 897 814 731 646 559 476 389 305 220 136 48
119 9960 9876 9792 9709 9624 9539 9454 9370 9286 9202 9115 9031 8948 8865 8783 8700 8616 8533 8450 8365 8281 8198 8116 8032 7949 7867 7784 7696 7614 7532 7449 7363 7279 7193 7108 7025 6942 6858 6776 6690 6606 6524 6439 6350 6268 6182 6095 6010 5925 5842 5759 5678 5593 5512 5420 5338 5255 5170 5088 5004 4920 4838 4754 4670 4587 4504 4417 4332 4246 4160 4078 3995 3914 3831 3746 3659 3578 3495 3413 3330 3249 3163 3080 2996 2913 2830 2748 2665 2582 2498 2413 2328 2245 2160 2074 1991 1907 1825 1742 1660 1576 1492 1407 1322 1237 1153 1066 983 896 813 730 645 558 475 388 304 219 135 47
119 9959 9875 9791 9708 9623 9538 9453 9369 9285 9201 9114 9030 8947 8864 8782 8699 8615 8532 8449 8364 8280 8197 8115 8031 7948 7866 7783 7695 7613 7531 7448 7362 7277 7192 7107 7024 6941 6857 6775 6689 6605 6523 6437 6349 6267 6181 6094 6009 5924 5841 5758 5677 5592 5511 5419 5337 5254 5169 5087 5002 4919 4837 4753 4669 4586 4503 4416 4331 4245 4159 4077 3994 3913 3830 3745 3658 3577 3494 3412 3329 3247 3162 3079 2995 2912 2829 2747 2664 2581 2497 2412 2327 2244 2159 2073 1990 1906 1824 1741 1659 1575 1491 1406 1321 1236 1152 1065 982 895 812 729 644 557 474 387 303 218 133 46
119 9958 9874 9790 9707 9622 9537 9452 9368 9284 9200 9113 9029 8946 8863 8781 8698 8614 8531 8448 8362 8279 8196 8114 8030 7947 7865 7782 7693 7612 7530 7447 7361 7276 7191 7106 7023 6940 6856 6774 6688 6604 6522 6435 6348 6266 6180 6093 6008 5923 5839 5757 5676 5591 5510 5418 5336 5253 5168 5086 5001 4918 4836 4752 4668 4584 4501 4415 4330 4244 4158 4076 3993 3912 3829 3744 3657 3576 3493 3411 3328 3246 3161 3078 2994 2911 2828 2746 2663 2580 2496 2411 2326 2243 2158 2072 1989 1905 1822 1740 1658 1574 1490 1405 1320 1235 1151 1064 981 894 811 728 643 556 473 386 302 217 132 45
119 9956 9873 9789 9706 9621 9536 9451 9367 9283 9198 9112 9028 8945 8862 8780 8696 8613 8530 8447 8361 8278 8195 8113 8029 7946 7864 7781 7692 7611 7529 7446 7360 7275 7190 7105 7022 6939 6855 6773 6687 6603 6521 6434 6347 6265 6179 6092 6007 5922 5838 5756 5675 5590 5509 5417 5335 5252 5167 5085 5000 4917 4835 4751 4667 4583 4500 4414 4329 4243 4157 4075 3992 3911 3828 3743 3656 3575 3492 3410 3327 3245 3160 3077 2993 2910 2827 2745 2662 2579 2495 2410 2325 2242 2157 2071 1988 1904 1821 1739 1657 1573 1489 1404 1319 1234 1150 1063 980 893 810 727 642 555 472 385 301 216 131 44
119 9955 9872 9788 9705 9620 9535 9450 9365 9282 9197 9111 9027 8944 8861 8779 8695 8612 8529 8446 8360 8277 8194 8112 8028 7945 7863 7779 7691 7610 7528 7445 7359 7274 7189 7104 7021 6938 6854 6772 6685 6602 6520 6433 6346 6263 6178 6091 6006 5921 5837 5755 5674 5589 5508 5416 5334 5251 5166 5084 4999 4916 4834 4750 4666 4582 4499 4413 4328 4241 4156 4074 3991 3910 3827 3741 3655 3574 3491 3409 3326 3244 3159 3076 2992 2909 2826 2744 2661 2577 2494 2409 2324 2241 2156 2070 1987 1903 1820 1738 1656 1572 1488 1403 1318 1233 1149 1062 979 892 809 726 641 554 471 384 300 215 130 43
119 9953 9871 9787 9704 9619 9534 9449 9364 9281 9196 9110 9026 8943 8860 8778 8694 8611 8528 8445 8359 8276 8193 8111 8027 7944 7862 7778 7690 7609 7527 7444 7358 7273 7188 7103 7020 6937 6853 6771 6684 6601 6519 6432 6345 6262 6177 6090 6005 5920 5836 5754 5673 5588 5507 5415 5333 5250 5165 5083 4998 4915 4833 4749 4665 4581 4498 4412 4327 4240 4155 4073 3990 3909 3826 3740 3654 3573 3490 3408 3325 3243 3158 3075 2991 2908 2825 2743 2660 2576 2493 2408 2323 2240 2155 2069 1986 1902 1819 1737 1655 1571 1487 1402 1317 1232 1148 1061 978 891 808 725 640 553 469 383 299 214 129 42
119 9952 9870 9786 9703 9618 9533 9448 9363 9280 9195 9109 9025 8942 8859 8777 8693 8610 8527 8444 8358 8275 8192 8110 8026 7943 7861 7777 7689 7608 7526 7443 7357 7272 7187 7102 7019 6936 6852 6770 6683 6600 6518 6431 6344 6259 6176 6089 6004 5919 5835 5753 5672 5587 5506 5414 5332 5249 5164 5082 4997 4914 4832 4748 4664 4580 4497 4411 4325 4239 4154 4072 3989 3908 3825 3739 3653 3572 3489 3407 3324 3242 3157 3074 2990 2907 2823 2742 2659 2575 2491 2407 2322 2239 2154 2068 1985 1901 1818 1736 1654 1570 1486 1401 1316 1231 1146 1060 977 890 807 724 639 552 468 382 298 213 128 41
119 9951 9869 9785 9702 9617 9532 9447 9362 9279 9194 9108 9024 8941 8858 8776 8692 8609 8526 8443 8357 8274 8191 8109 8025 7942 7860 7776 7688 7607 7525 7442 7356 7271 7186 7101 7018 6935 6851 6769 6682 6599 6517 6430 6343 6258 6175 6088 6003 5918 5834 5752 5671 5586 5505 5413 5331 5248 5163 5081 4996 4913 4831 4747 4663 4579 4496 4410 4324 4238 4153 4071 3988 3907 3824 3738 3652 3571 3488 3406 3323 3241 3156 3073 2989 2906 2822 2740 2658 2574 2490 2406 2321 2238 2153 2067 1984 1900 1817 1735 1653 1569 1485 1400 1315 1230 1145 1059 976 889 806 723 638 551 467 381 297 212 127 40
119 9950 9868 9784 9701 9616 9531 9446 9361 9278 9193 9107 9023 8940 8857 8775 8691 8608 8525 8442 8356 8273 8190 8108 8024 7941 7859 7775 7687 7606 7524 7441 7355 7269 7185 7100 7017 6934 6850 6768 6681 6598 6516 6429 6342 6257 6174 6087 6002 5917 5833 5751 5669 5585 5504 5412 5330 5247 5162 5080 4995 4912 4830 4746 4662 4578 4494 4409 4323 4237 4152 4070 3987 3906 3823 3737 3651 3570 3487 3405 3322 3240 3155 3072 2988 2905 2821 2739 2657 2573 2489 2403 2320 2237 2152 2066 1983 1899 1816 1734 1652 1568 1484 1399 1314 1229 1144 1058 974 888 805 722 637 550 466 380 296 211 126 39
119 9949 9867 9783 9700 9614 9530 9445 9360 9277 9192 9106 9022 8939 8856 8774 8690 8607 8524 8441 8355 8272 8189 8106 8023 7940 7858 7774 7686 7605 7523 7440 7354 7268 7184 7099 7016 6933 6849 6767 6680 6597 6515 6428 6341 6256 6173 6086 6001 5916 5832 5750 5668 5584 5503 5411 5329 5245 5161 5079 4994 4911 4829 4745 4661 4577 4493 4408 4322 4236 4151 4069 3986 3905 3822 3736 3650 3569 3486 3404 3321 3239 3154 3071 2987 2904 2820 2738 2656 2572 2488 2402 2319 2236 2151 2065 1981 1898 1815 1733 1651 1567 1483 1398 1313 1228 1143 1057 973 887 804 721 636 549 465 379 295 210 125 38
119 9947 9866 9782 9699 9613 9529 9444 9359 9276 9191 9105 9021 8938 8855 8773 8689 8606 8523 8440 8354 8271 8188 8105 8022 7939 7857 7773 7685 7604 7522 7439 7353 7267 7183 7098 7015 6932 6848 6766 6679 6596 6514 6427 6340 6255 6172 6085 6000 5915 5831 5749 5667 5583 5501 5410 5328 5244 5160 5078 4993 4910 4828 4744 4660 4576 4492 4407 4321 4235 4150 4068 3985 3904 3821 3735 3649 3568 3485 3403 3320 3238 3153 3070 2986 2903 2819 2737 2655 2571 2487 2401 2318 2235 2150 2064 1980 1897 1814 1732 1650 1566 1482 1397 1311 1226 1142 1056 972 886 803 720 635 548 464 378 294 209 124 37
119 9946 9865 9781 9698 9612 9528 9443 9358 9275 9190 9104 9020 8937 8854 8772 8688 8605 8522 8439 8353 8270 8187 8104 8021 7938 7856 7772 7684 7603 7521 7438 7352 7266 7182 7097 7014 6931 6846 6765 6678 6595 6513 6426 6339 6254 6171 6084 5999 5914 5830 5748 5666 5582 5500 5409 5327 5243 5159 5077 4992 4909 4827 4743 4659 4575 4491 4406 4320 4234 4149 4067 3984 3903 3820 3734 3648 3567 3484 3402 3319 3237 3152 3069 2985 2902 2818 2736 2654 2570 2486 2400 2317 2234 2149 2063 1979 1896 1813 1731 1649 1565 1481 1396 1310 1225 1141 1055 971 885 802 719 634 547 463 377 293 208 123 36
119 9945 9864 9779 9697 9611 9527 9442 9357 9273 9188 9103 9019 8936 8853 8771 8687 8604 8520 8438 8352 8269 8186 8103 8020 7937 7855 7770 7683 7602 7520 7437 7351 7265 7181 7096 7013 6930 6845 6764 6677 6594 6512 6425 6338 6253 6170 6083 5998 5913 5829 5747 5665 5581 5499 5408 5326 5242 5158 5076 4991 4908 4826 4742 4658 4574 4490 4405 4319 4233 4148 4066 3983 3902 3819 3733 3647 3566 3483 3401 3318 3236 3151 3068 2984 2901 2817 2735 2653 2569 2485 2399 2316 2233 2148 2062 1978 1895 1812 1730 1648 1564 1480 1395 1309 1224 1140 1054 970 884 801 718 633 546 462 376 292 207 122 35
119 9944 9863 9778 9696 9610 9526 9441 9356 9272 9187 9102 9018 8935 8852 8770 8686 8603 8519 8437 8351 8268 8185 8102 8019 7936 7854 7769 7682 7601 7519 7436 7350 7264 7180 7095 7012 6929 6844 6763 6676 6593 6511 6424 6337 6252 6169 6082 5997 5912 5828 5746 5664 5580 5498 5407 5325 5241 5157 5075 4990 4907 4825 4741 4657 4573 4489 4404 4318 4232 4147 4065 3982 3901 3818 3732 3646 3565 3482 3400 3317 3235 3150 3067 2983 2900 2816 2734 2652 2568 2484 2398 2315 2232 2147 2061 1977 1894 1811 1729 1647 1563 1479 1394 1308 1223 1139 1053 969 883 800 717 632 545 461 375 291 206 121 34
119 9943 9862 9777 9695 9609 9525 9440 9355 9271 9186 9101 9017 8934 8851 8769 8685 8602 8518 8436 8350 8267 8184 8101 8018 7935 7853 7768 7681 7600 7518 7435 7349 7263 7179 7094 7011 6928 6843 6762 6675 6592 6510 6423 6336 6251 6168 6081 5996 5911 5827 5745 5663 5579 5496 5406 5324 5240 5156 5074 4989 4906 4824 4740 4655 4572 4488 4403 4317 4231 4146 4064 3981 3900 3817 3731 3645 3564 3481 3399 3316 3234 3149 3066 2982 2899 2815 2733 2651 2567 2483 2397 2314 2231 2146 2060 1976 1893 1810 1728 1646 1562 1478 1393 1307 1222 1138 1052 968 882 799 716 629 544 460 374 290 205 120 33
119 9942 9861 9776 9694 9608 9524 9439 9354 9270 9185 9100 9016 8933 8850 8768 8684 8601 8517 8435 8349 8266 8183 8099 8017 7934 7852 7767 7680 7599 7517 7434 7348 7262 7178 7093 7010 6927 6842 6760 6674 6591 6509 6422 6335 6250 6166 6080 5995 5910 5826 5744 5662 5578 5495 5405 5323 5239 5155 5073 4988 4905 4823 4739 4654 4571 4487 4402 4316 4230 4145 4063 3980 3899 3816 3730 3644 3563 3480 3398 3315 3233 3148 3065 2981 2898 2814 2732 2649 2566 2482 2396 2313 2230 2145 2059 1975 1892 1809 1727 1645 1561 1477 1392 1306 1221 1136 1051 966 881 798 715 628 543 459 373 289 204 119 32
119 9941 9860 9775 9693 9606 9523 9438 9353 9268 9184 9098 9015 8932 8849 8766 8683 8600 8516 8434 8348 8265 8182 8098 8016 7933 7851 7766 7679 7598 7516 7433 7347 7261 7177 7092 7009 6926 6841 6759 6673 6590 6508 6421 6334 6249 6165 6079 5994 5909 5825 5743 5661 5577 5494 5404 5322 5238 5154 5072 4987 4904 4822 4738 4653 4570 4486 4401 4315 4228 4144 4062 3979 3898 3815 3728 3643 3562 3479 3397 3314 3232 3147 3064 2979 2897 2813 2731 2648 2565 2481 2395 2312 2229 2144 2058 1974 1891 1808 1726 1644 1560 1476 1391 1305 1220 1135 1050 965 880 797 714 627 542 458 372 288 203 118 31
119 9940 9859 9774 9692 9605 9522 9437 9352 9267 9183 9097 9014 8931 8848 8765 8682 8599 8515 8433 8347 8264 8181 8097 8015 7932 7850 7765 7678 7597 7515 7432 7346 7260 7176 7091 7008 6925 6840 6758 6672 6589 6507 6420 6333 6248 6164 6078 5993 5908 5824 5742 5660 5576 5493 5403 5321 5237 5153 5070 4986 4903 4819 4737 4652 4569 4485 4399 4314 4227 4143 4061 3978 3897 3814 3725 3642 3561 3478 3396 3313 3231 3146 3063 2978 2896 2812 2730 2647 2564 2480 2394 2311 2228 2143 2057 1973 1890 1807 1725 1643 1559 1475 1390 1304 1219 1134 1049 964 879 796 713 626 541 457 371 287 202 117 30
119 9939 9858 9773 9691 9604 9521 9436 9351 9266 9182 9096 9013 8930 8847 8764 8680 8598 8514 8432 8346 8263 8180 8096 8014 7931 7849 7764 7677 7596 7514 7430 7345 7259 7175 7090 7007 6924 6839 6757 6671 6588 6506 6419 6332 6247 6162 6077 5992 5907 5823 5741 5659 5575 5492 5402 5320 5236 5152 5069 4985 4902 4817 4736 4651 4568 4484 4398 4313 4226 4142 4059 3977 3896 3813 3724 3641 3560 3477 3395 3312 3230 3145 3061 2977 2894 2811 2729 2646 2563 2479 2393 2310 2227 2142 2056 1972 1889 1806 1724 1642 1558 1474 1389 1303 1218 1133 1048 963 878 795 712 625 540 456 369 286 201 116 29
119 9938 9857 9772 9690 9603 9520 9434 9350 9265 9181 9095 9012 8929 8846 8763 8679 8597 8513 8431 8345 8262 8179 8095 8013 7930 7848 7763 7676 7595 7513 7429 7344 7257 7174 7089 7006 6923 6838 6756 6670 6587 6505 6418 6331 6246 6161 6076 5991 5906 5822 5740 5658 5574 5491 5401 5319 5235 5151 5068 4984 4901 4816 4735 4650 4567 4483 4397 4312 4225 4141 4058 3976 3895 3812 3723 3640 3559 3476 3394 3311 3229 3144 3059 2976 2893 2810 2728 2645 2562 2478 2392 2309 2226 2141 2055 1971 1888 1805 1723 1641 1557 1473 1388 1302 1217 1132 1047 962 877 794 711 624 538 455 368 285 200 115 28
119 9937 9856 9771 9688 9602 9519 9433 9349 9264 9180 9094 9011 8928 8845 8762 8678 8596 8512 8430 8344 8261 8178 8094 8012 7929 7847 7762 7675 7594 7512 7428 7343 7256 7173 7088 7005 6922 6837 6754 6669 6586 6504 6417 6330 6245 6160 6075 5990 5905 5821 5739 5657 5573 5490 5400 5318 5234 5150 5067 4983 4900 4815 4734 4649 4566 4482 4396 4311 4224 4140 4057 3975 3894 3811 3722 3639 3558 3475 3393 3310 3228 3143 3058 2975 2892 2809 2727 2644 2561 2477 2391 2308 2225 2140 2054 1970 1887 1804 1722 1640 1556 1472 1387 1301 1216 1131 1046 961 876 793 709 623 537 454 367 284 199 114 27
119 9936 9854 9770 9687 9601 9517 9432 9348 9263 9179 9093 9010 8927 8844 8761 8677 8595 8511 8429 8343 8260 8177 8093 8010 7928 7846 7761 7674 7593 7511 7427 7342 7255 7172 7087 7004 6921 6836 6753 6668 6585 6503 6416 6329 6244 6159 6073 5989 5904 5820 5738 5656 5572 5489 5398 5317 5233 5149 5066 4982 4899 4814 4732 4648 4565 4481 4395 4310 4223 4139 4056 3974 3893 3810 3721 3638 3557 3474 3392 3309 3227 3142 3057 2974 2891 2808 2726 2643 2560 2476 2390 2306 2224 2139 2053 1969 1885 1803 1721 1639 1555 1471 1386 1300 1215 1130 1045 960 875 792 708 622 536 453 366 283 198 113 26
119 9935 9853 9769 9685 9600 9516 9431 9347 9262 9178 9092 9009 8926 8843 8760 8676 8594 8510 8428 8342 8259 8176 8092 8009 7927 7845 7760 7673 7592 7510 7426 7341 7253 7171 7086 7003 6920 6835 6752 6667 6584 6502 6415 6328 6243 6157 6072 5988 5903 5819 5737 5655 5571 5488 5397 5316 5232 5147 5064 4980 4898 4813 4730 4647 4564 4480 4394 4309 4222 4138 4055 3973 3892 3809 3720 3637 3555 3473 3391 3308 3225 3140 3056 2973 2890 2807 2725 2642 2559 2475 2389 2305 2223 2138 2052 1968 1884 1802 1720 1638 1554 1470 1385 1299 1214 1129 1044 959 874 791 707 621 535 452 365 282 197 112 25
119 9934 9852 9768 9684 9599 9515 9430 9346 9261 9177 9091 9008 8924 8842 8759 8675 8593 8509 8427 8341 8258 8175 8091 8008 7926 7844 7759 7672 7591 7509 7425 7340 7252 7170 7085 7002 6919 6834 6750 6666 6583 6501 6414 6327 6242 6156 6070 5987 5902 5818 5736 5654 5570 5487 5396 5315 5231 5146 5063 4979 4897 4812 4729 4646 4563 4479 4393 4308 4221 4137 4054 3972 3891 3808 3719 3636 3554 3472 3390 3307 3224 3139 3055 2972 2889 2806 2724 2641 2558 2474 2388 2304 2222 2137 2051 1967 1883 1801 1719 1637 1553 1469 1384 1298 1213 1128 1043 958 873 789 706 620 533 451 364 281 196 111 24
119 9933 9851 9767 9683 9598 9514 9429 9345 9260 9176 9090 9007 8923 8841 8758 8674 8592 8508 8426 8340 8257 8173 8090 8007 7925 7843 7758 7671 7590 7508 7424 7339 7251 7169 7084 7001 6918 6833 6749 6665 6582 6500 6413 6326 6241 6155 6069 5985 5901 5817 5735 5653 5569 5486 5395 5313 5230 5145 5062 4978 4896 4811 4728 4645 4562 4478 4392 4307 4220 4136 4053 3971 3890 3807 3718 3635 3553 3471 3389 3306 3223 3138 3054 2971 2888 2805 2723 2640 2557 2473 2387 2303 2221 2136 2050 1966 1882 1800 1718 1636 1552 1468 1383 1297 1212 1127 1042 957 872 788 705 619 532 450 363 279 195 110 23
119 9932 9850 9766 9682 9597 9513 9428 9344 9259 9174 9089 9006 8922 8840 8757 8673 8591 8507 8424 8339 8256 8172 8089 8006 7924 7842 7757 7670 7589 7507 7423 7338 7250 7168 7083 7000 6917 6832 6748 6664 6581 6499 6412 6325 6240 6154 6068 5984 5900 5816 5734 5652 5568 5485 5394 5312 5229 5144 5061 4977 4895 4810 4727 4644 4561 4477 4391 4306 4219 4135 4052 3970 3889 3806 3717 3634 3552 3470 3388 3305 3222 3137 3053 2970 2887 2804 2722 2639 2556 2472 2385 2302 2220 2135 2049 1965 1881 1799 1717 1635 1551 1467 1382 1296 1211 1126 1041 956 871 787 704 618 531 449 362 278 194 109 22
119 9931 9849 9765 9680 9596 9512 9427 9343 9258 9173 9088 9005 8921 8839 8756 8672 8589 8506 8423 8338 8255 8171 8088 8005 7923 7841 7755 7669 7588 7506 7422 7337 7249 7167 7082 6999 6916 6831 6747 6663 6580 6497 6411 6324 6239 6153 6067 5983 5899 5815 5733 5651 5567 5484 5393 5311 5228 5143 5060 4976 4894 4809 4726 4643 4560 4475 4390 4305 4218 4134 4051 3969 3888 3805 3716 3633 3551 3469 3387 3304 3221 3136 3052 2969 2886 2803 2721 2638 2555 2471 2384 2301 2219 2134 2047 1964 1880 1798 1716 1634 1550 1466 1380 1295 1210 1125 1040 955 870 786 703 617 530 448 361 277 193 108 21
119 9930 9848 9764 9679 9595 9511 9426 9342 9257 9172 9087 9003 8920 8838 8755 8670 8588 8504 8422 8337 8253 8170 8087 8004 7922 7840 7754 7668 7587 7505 7421 7336 7248 7166 7081 6998 6915 6830 6746 6662 6579 6496 6410 6323 6238 6152 6065 5982 5898 5814 5732 5649 5566 5483 5392 5310 5227 5142 5059 4975 4893 4808 4725 4642 4559 4474 4389 4304 4217 4133 4050 3968 3887 3804 3715 3632 3550 3468 3386 3303 3220 3135 3051 2968 2885 2802 2720 2637 2554 2470 2383 2300 2218 2133 2046 1963 1879 1797 1715 1633 1549 1465 1378 1294 1209 1124 1039 954 869 785 702 616 529 447 360 276 192 107 20
119 9929 9847 9763 9678 9594 9510 9425 9341 9256 9171 9086 9002 8919 8837 8754 8669 8587 8503 8421 8336 8252 8169 8086 8003 7921 7839 7753 7667 7586 7504 7420 7335 7247 7164 7080 6997 6914 6829 6745 6661 6578 6495 6409 6322 6237 6151 6064 5981 5897 5813 5731 5648 5565 5482 5391 5309 5226 5141 5058 4974 4892 4807 4724 4641 4558 4473 4388 4303 4216 4132 4049 3967 3886 3803 3714 3631 3549 3467 3385 3302 3219 3134 3049 2967 2884 2801 2719 2635 2553 2469 2382 2299 2217 2132 2045 1962 1878 1796 1714 1632 1548 1464 1377 1293 1208 1123 1038 953 868 784 701 615 528 446 359 275 191 106 19
119 9928 9846 9762 9677 9593 9509 9424 9340 9255 9170 9085 9001 8918 8836 8753 8668 8586 8502 8420 8335 8251 8168 8085 8002 7920 7838 7752 7666 7585 7503 7419 7334 7246 7163 7079 6996 6913 6828 6744 6660 6577 6494 6408 6321 6236 6150 6063 5980 5896 5812 5730 5647 5564 5481 5390 5308 5225 5140 5057 4973 4891 4806 4723 4640 4557 4472 4387 4302 4215 4131 4048 3966 3885 3802 3713 3630 3548 3466 3384 3301 3218 3133 3048 2966 2883 2800 2718 2634 2552 2468 2381 2298 2216 2131 2044 1961 1877 1795 1713 1631 1547 1463 1376 1292 1207 1122 1037 952 867 783 700 614 527 445 358 274 190 105 18
119 9927 9845 9761 9676 9592 9508 9423 9339 9254 9169 9084 8999 8917 8835 8752 8667 8585 8501 8419 8334 8250 8167 8084 8001 7919 7837 7751 7665 7584 7502 7418 7333 7245 7162 7078 6995 6912 6827 6743 6659 6576 6493 6407 6320 6235 6149 6062 5979 5895 5811 5729 5646 5563 5480 5389 5307 5224 5139 5056 4972 4890 4805 4722 4639 4556 4471 4386 4301 4214 4129 4047 3965 3884 3801 3712 3629 3547 3465 3383 3300 3217 3132 3047 2965 2882 2799 2717 2633 2551 2467 2380 2297 2214 2130 2043 1960 1876 1793 1712 1630 1546 1462 1375 1291 1206 1121 1036 951 866 782 699 613 526 444 357 273 189 104 17
119 9926 9844 9760 9675 9591 9507 9422 9338 9253 9168 9083 8998 8916 8834 8751 8666 8584 8500 8418 8333 8249 8166 8083 8000 7918 7836 7750 7664 7583 7501 7417 7332 7244 7161 7077 6994 6911 6826 6742 6658 6575 6491 6406 6319 6234 6148 6061 5978 5894 5810 5728 5645 5562 5479 5388 5306 5223 5138 5055 4971 4888 4804 4721 4638 4555 4470 4385 4300 4213 4128 4046 3964 3883 3800 3711 3628 3546 3464 3382 3299 3216 3131 3046 2964 2881 2798 2716 2632 2550 2466 2379 2295 2212 2129 2042 1959 1875 1792 1711 1628 1545 1459 1374 1290 1205 1120 1035 950 865 781 698 612 525 443 356 272 188 103 16
119 9925 9843 9759 9674 9590 9506 9421 9337 9252 9167 9082 8997 8915 8833 8750 8665 8583 8499 8417 8332 8248 8165 8082 7999 7917 7835 7749 7663 7582 7500 7416 7331 7243 7160 7076 6993 6910 6825 6741 6657 6574 6490 6405 6318 6232 6147 6060 5977 5893 5809 5727 5644 5561 5478 5387 5305 5222 5137 5054 4970 4887 4803 4720 4637 4554 4469 4384 4297 4212 4127 4045 3963 3882 3799 3710 3627 3544 3463 3381 3298 3215 3130 3045 2963 2880 2797 2715 2631 2549 2465 2378 2294 2211 2127 2041 1958 1874 1791 1710 1627 1544 1458 1373 1289 1204 1119 1034 949 864 780 697 611 524 442 355 271 187 102 15
119 9924 9842 9758 9673 9589 9505 9420 9336 9251 9166 9081 8996 8914 8832 8749 8664 8582 8498 8416 8331 8247 8164 8081 7998 7916 7834 7748 7662 7581 7498 7415 7330 7242 7159 7075 6992 6909 6824 6740 6656 6573 6489 6404 6317 6231 6146 6059 5976 5892 5808 5726 5643 5560 5477 5386 5304 5221 5136 5053 4969 4886 4802 4719 4636 4553 4468 4383 4296 4211 4126 4044 3962 3881 3798 3709 3626 3543 3462 3380 3297 3214 3129 3044 2962 2879 2796 2714 2630 2548 2464 2377 2293 2210 2126 2040 1957 1873 1790 1709 1626 1543 1457 1372 1288 1203 1118 1033 948 862 778 695 610 523 441 354 270 186 100 14
119 9923 9841 9757 9672 9588 9504 9419 9335 9250 9165 9080 8995 8913 8831 8748 8663 8581 8497 8415 8330 8246 8163 8080 7997 7915 7833 7746 7661 7580 7497 7414 7328 7241 7158 7074 6991 6908 6823 6739 6655 6572 6488 6403 6316 6230 6145 6058 5975 5891 5807 5725 5642 5559 5476 5385 5303 5220 5135 5052 4968 4885 4801 4718 4635 4552 4467 4382 4295 4210 4125 4043 3961 3880 3797 3708 3625 3542 3461 3379 3296 3213 3128 3043 2961 2878 2795 2713 2629 2547 2463 2376 2292 2209 2125 2039 1956 1872 1789 1708 1625 1542 1456 1371 1287 1202 1116 1032 947 861 777 694 609 522 440 353 269 185 99 13
119 9922 9840 9756 9671 9587 9503 9418 9334 9249 9164 9079 8994 8912 8830 8747 8662 8580 8496 8414 8329 8245 8162 8078 7996 7914 7832 7745 7660 7579 7496 7413 7327 7240 7157 7073 6990 6907 6822 6738 6654 6571 6487 6401 6315 6229 6144 6056 5974 5890 5806 5724 5641 5558 5475 5384 5302 5219 5134 5051 4967 4884 4800 4717 4634 4551 4466 4381 4294 4209 4124 4042 3960 3879 3796 3707 3624 3541 3460 3378 3295 3212 3127 3042 2960 2877 2794 2712 2628 2546 2462 2375 2291 2208 2124 2038 1955 1871 1788 1707 1624 1540 1455 1370 1286 1201 1115 1031 946 860 776 693 608 521 439 352 268 184 98 12
119 9921 9839 9755 9670 9586 9501 9417 9333 9248 9163 9078 8993 8911 8829 8746 8661 8579 8495 8413 8328 8244 8161 8077 7995 7913 7831 7744 7659 7578 7495 7412 7326 7239 7156 7072 6989 6906 6821 6737 6653 6570 6486 6400 6314 6228 6142 6055 5973 5889 5805 5723 5640 5557 5474 5383 5301 5218 5133 5050 4966 4883 4799 4716 4633 4550 4465 4380 4293 4208 4123 4041 3959 3878 3795 3706 3623 3540 3459 3377 3294 3211 3126 3041 2959 2876 2793 2711 2627 2545 2461 2374 2290 2207 2123 2037 1953 1870 1787 1706 1623 1539 1454 1369 1285 1200 1113 1030 945 859 775 692 607 520 438 351 267 183 97 11
119 9920 9838 9754 9669 9585 9500 9416 9332 9247 9162 9077 8992 8910 8828 8745 8660 8578 8494 8412 8327 8243 8160 8076 7994 7912 7829 7743 7658 7577 7494 7410 7325 7238 7155 7071 6988 6905 6820 6736 6652 6569 6484 6399 6313 6227 6141 6054 5972 5888 5804 5722 5639 5556 5473 5382 5299 5217 5132 5049 4965 4882 4798 4715 4632 4549 4464 4379 4292 4207 4122 4040 3958 3877 3794 3705 3622 3539 3458 3376 3293 3210 3125 3040 2958 2875 2792 2710 2626 2544 2460 2373 2289 2206 2122 2036 1952 1869 1786 1705 1622 1538 1453 1368 1284 1199 1112 1029 944 858 774 691 606 519 437 350 266 182 95 10
119 9919 9837 9753 9668 9584 9499 9415 9331 9246 9161 9076 8991 8909 8827 8744 8659 8577 8493 8411 8326 8242 8159 8075 7993 7911 7828 7742 7657 7576 7493 7408 7324 7237 7153 7070 6987 6904 6819 6735 6651 6568 6483 6397 6312 6226 6140 6053 5971 5887 5803 5721 5638 5555 5471 5381 5298 5216 5131 5048 4964 4881 4797 4714 4631 4548 4463 4378 4291 4206 4121 4039 3957 3876 3792 3704 3621 3538 3457 3375 3292 3209 3124 3039 2957 2874 2791 2709 2625 2543 2459 2372 2288 2205 2121 2035 1951 1868 1785 1704 1621 1537 1452 1367 1283 1198 1111 1028 943 857 773 690 605 518 436 349 265 181 94 9
119 9918 9836 9752 9667 9583 9498 9414 9330 9245 9160 9075 8990 8908 8826 8743 8658 8576 8492 8410 8325 8241 8158 8074 7992 7910 7827 7741 7656 7575 7492 7407 7323 7236 7152 7069 6986 6903 6818 6734 6650 6567 6482 6396 6311 6225 6139 6052 5970 5886 5802 5720 5637 5554 5470 5380 5297 5215 5130 5047 4963 4880 4796 4713 4630 4547 4462 4377 4290 4205 4120 4038 3956 3875 3791 3703 3620 3537 3456 3374 3291 3208 3123 3038 2956 2873 2790 2708 2624 2542 2458 2371 2287 2204 2120 2034 1950 1867 1784 1703 1620 1536 1451 1366 1282 1197 1110 1027 942 856 772 689 604 517 435 348 264 180 93 8
119 9917 9834 9751 9666 9582 9497 9413 9329 9244 9159 9074 8989 8907 8825 8742 8657 8575 8491 8409 8323 8240 8157 8073 7991 7909 7826 7740 7655 7574 7491 7406 7322 7235 7151 7067 6984 6902 6817 6733 6649 6566 6481 6395 6310 6224 6138 6051 5969 5885 5801 5719 5636 5553 5469 5379 5296 5214 5129 5046 4962 4879 4795 4712 4629 4546 4461 4375 4289 4204 4119 4037 3955 3874 3790 3702 3619 3536 3455 3373 3290 3207 3122 3037 2955 2872 2789 2707 2623 2541 2457 2370 2286 2203 2119 2033 1949 1866 1783 1702 1619 1535 1450 1365 1281 1196 1109 1025 941 855 771 688 603 516 434 347 263 179 92 7
119 9916 9833 9750 9665 9581 9496 9412 9328 9243 9158 9073 8988 8906 8824 8741 8656 8574 8490 8408 8322 8239 8156 8072 7990 7908 7825 7739 7654 7573 7490 7405 7321 7234 7150 7065 6983 6901 6816 6732 6648 6565 6480 6394 6309 6223 6137 6050 5968 5884 5800 5718 5635 5552 5468 5378 5295 5213 5128 5045 4961 4878 4794 4711 4628 4545 4460 4374 4288 4203 4118 4036 3954 3873 3789 3701 3618 3535 3454 3372 3289 3206 3121 3036 2954 2871 2788 2706 2622 2540 2456 2369 2285 2202 2118 2032 1948 1865 1782 1701 1618 1534 1449 1364 1280 1195 1108 1024 939 854 770 687 602 515 433 345 262 178 91 6
119 9915 9832 9749 9664 9580 9495 9411 9327 9242 9157 9072 8987 8905 8823 8740 8655 8573 8489 8407 8321 8238 8155 8071 7989 7907 7824 7738 7653 7572 7489 7404 7320 7233 7149 7064 6982 6900 6815 6731 6647 6564 6479 6393 6308 6222 6136 6049 5967 5883 5799 5717 5634 5551 5466 5377 5294 5212 5127 5044 4960 4877 4793 4710 4627 4544 4459 4373 4287 4202 4117 4035 3953 3872 3788 3700 3617 3534 3453 3371 3288 3205 3120 3035 2953 2870 2787 2705 2621 2539 2455 2368 2284 2201 2117 2031 1947 1864 1781 1700 1617 1532 1448 1363 1279 1194 1107 1023 938 853 769 686 601 514 432 344 260 177 90 5
119 9914 9831 9748 9662 9579 9494 9410 9326 9241 9156 9071 8986 8904 8822 8739 8654 8572 8488 8406 8320 8237 8154 8070 7988 7906 7823 7737 7652 7571 7488 7403 7318 7232 7147 7063 6981 6899 6814 6730 6646 6563 6478 6392 6307 6221 6135 6048 5966 5882 5797 5716 5632 5550 5465 5376 5293 5211 5126 5043 4959 4876 4792 4709 4626 4543 4458 4371 4286 4201 4116 4034 3952 3871 3786 3699 3616 3533 3452 3370 3287 3204 3119 3034 2952 2869 2786 2704 2620 2538 2454 2367 2283 2200 2115 2030 1946 1863 1780 1699 1616 1531 1447 1362 1278 1193 1106 1022 937 851 768 685 600 513 431 343 259 176 88 4
119 9913 9830 9747 9661 9578 9493 9409 9325 9240 9154 9070 8985 8903 8821 8738 8653 8571 8487 8405 8319 8236 8153 8069 7987 7905 7822 7736 7651 7570 7487 7402 7317 7231 7146 7062 6980 6898 6813 6729 6645 6562 6477 6391 6306 6220 6134 6047 5965 5881 5796 5715 5631 5549 5464 5375 5292 5210 5125 5042 4958 4875 4791 4708 4625 4542 4457 4369 4285 4200 4115 4033 3951 3870 3785 3698 3615 3532 3450 3369 3286 3203 3118 3033 2951 2868 2785 2703 2619 2537 2453 2366 2282 2199 2114 2029 1945 1862 1779 1698 1615 1530 1446 1361 1277 1192 1104 1021 936 850 767 684 599 512 430 342 258 174 86 3
119 9912 9828 9746 9660 9577 9492 9408 9324 9239 9153 9069 8984 8902 8820 8737 8652 8570 8486 8402 8318 8235 8152 8068 7986 7904 7821 7735 7650 7569 7486 7401 7316 7230 7145 7061 6979 6897 6812 6728 6643 6561 6476 6389 6305 6219 6133 6046 5964 5879 5795 5714 5630 5548 5463 5374 5291 5209 5124 5041 4957 4874 4790 4707 4624 4541 4456 4368 4284 4199 4114 4032 3950 3868 3784 3697 3614 3531 3449 3368 3285 3202 3117 3032 2950 2867 2784 2702 2618 2536 2452 2365 2281 2198 2113 2028 1944 1861 1778 1697 1614 1529 1445 1359 1276 1191 1103 1020 935 849 766 683 598 511 429 341 257 173 84 2
