3 0 465 3569
28 1 426 971 1481 2326 3858 5682 9829 1993 2338 2661 3079 3484 4053 4822 5671 6817 9609 8349 5602 6048 6579 6915 7389 7842 8361 9972 9559
5 2 427 1052 1758 3643
28 3 429 1014 1652 5543 9069 1384 1651 1994 2352 2665 3085 3436 3902 4423 5035 5594 6419 7859 9124 6053 6430 6893 7274 7763 8381 9357 9576
28 4 464 2038 541 726 1010 1386 1667 2033 2355 2737 3141 3511 4082 5153 5924 7158 8391 8345 5615 6058 6446 6896 7275 7865 8390 9089 9581
28 5 430 1055 3097 9956 1005 1406 1655 2035 2366 2762 3214 3764 4926 5836 7374 9423 4788 5211 5730 6483 6990 7858 9368 7737 8243 8952 9712
2 6 939
5 7 431 1082 2659 4243
28 8 472 1646 8594 730 1201 1422 1790 2078 2433 2872 4193 5075 5922 7568 9007 4482 4828 5247 5925 6511 7992 9381 7255 7759 8272 9054 8640
28 9 447 1207 2586 9887 1013 1430 1716 2042 2461 2871 3517 4304 4972 6285 7863 9266 4826 5219 5692 6281 6803 7400 9081 8661 8213 8795 9731
27 10 432 1226 2897 9545 1024 1436 1752 2063 2462 2918 4183 5131 5845 7719 8567 4493 4832 5314 6008 6525 7295 9534 7263 7764 8326 9629
27 11 433 851 1361 1764 2574 3460 4308 5977 8453 8964 3022 3429 3761 4096 4443 4852 5506 6370 7029 8899 9293 6765 7276 7769 8366 9278
27 12 557 2658 8648 734 1030 1441 1768 2040 2400 2768 3344 4465 5867 6955 9656 4495 4830 5221 5767 6504 7032 7747 9344 7762 8296 9160
3 13 566 1948
28 14 436 1088 4662 9536 1040 1407 1674 1995 2360 2740 3142 3582 4425 5236 7052 9994 4833 5212 5620 6062 6596 6974 7608 8496 8963 8803 9617
28 15 434 855 1385 1991 3080 4506 6016 9642 2324 2657 3036 3432 3907 4259 4681 5355 6050 6899 9973 6066 6619 6982 7556 8632 8495 8816 9610
5 16 587 1210 2691 8069
27 17 438 1087 3032 9932 1054 1443 1787 2109 2485 2980 3634 4670 5469 6717 9269 4502 4834 5256 5786 6509 7596 9598 7277 7770 8383 9548
28 18 626 9637 580 739 1090 1453 1779 2052 2437 2789 3244 3598 4671 5673 6895 7801 8676 5213 5621 6078 6582 6953 7538 7962 9879 8823 9737
28 19 428 671 952 1282 1592 1783 1933 2459 3183 4151 4444 5095 6019 8083 8541 4503 4853 5268 5908 6528 7378 9352 9385 7768 8259 8953 9628
27 20 1134 8684 583 817 1111 1455 1791 2116 2494 2895 3768 4599 5883 8891 4150 4507 4854 5250 5872 6530 7121 8457 9480 7777 8316 9219
28 21 440 1074 1677 3586 5606 9390 1637 1997 2362 2760 3139 3545 4166 5038 5927 6701 8696 9174 5626 6082 6622 7292 7725 9471 8254 8854 9846
28 22 441 878 1390 2259 3264 5265 8874 8674 2247 2663 3098 3443 3961 4501 5109 6010 7469 9862 5627 6089 6593 6921 7440 7978 9928 8832 9613
27 24 435 704 1045 1396 1668 2214 2826 3653 4434 5130 6546 8265 8714 3817 4154 4541 4857 5313 6014 6660 7980 8911 7278 7793 8400 9554
28 25 443 1137 2544 9916 1100 1458 1810 2137 2443 2873 3431 4577 5515 6195 7136 9986 4848 5228 5632 6203 6625 6996 7616 9188 8928 8835 9702
26 26 446 1043 1642 3631 9354 1414 1676 2057 2452 2777 3365 3834 4931 6311 8482 8461 4842 5214 5628 6094 6641 6983 7582 8060 9039
26 27 452 1060 1826 2862 4929 8232 1664 2006 2368 2765 3242 3599 4448 5266 6065 7953 9063 5218 5636 6098 6642 7009 7552 8076 9327
28 28 451 891 1490 2145 3224 4451 5876 8480 9350 2667 3115 3489 4004 4975 5752 7055 8195 9008 5642 6121 6678 7125 7605 8852 8524 7429 9586
27 29 439 708 1048 1368 1702 1920 2371 2890 3548 4530 6384 8778 3640 3915 4256 4594 4997 5722 6154 7518 9324 6767 7282 7794 8415 9929
28 30 449 868 1404 2014 2877 3965 6113 9507 2327 2673 3099 3450 3776 4265 4754 5574 6586 7902 9741 6068 6413 6902 7334 7879 8432 9101 9595
28 31 616 2117 8036 741 1113 1460 1686 2043 2370 2793 3337 4600 5926 7026 8429 8455 4855 5222 5650 6134 6682 7313 7622 9456 8262 8856 9738
27 32 444 808 1123 1435 1945 2367 2533 3407 4616 5198 7818 8211 9431 3918 4164 4544 4858 5278 5911 6539 7124 7420 9975 7778 8428 9225
28 33 455 1261 2848 9990 1121 1465 1721 2086 2438 2834 3361 3900 5151 6153 7563 8724 4862 5284 6027 6666 7658 8871 7287 7785 8300 9106 6670
28 34 460 1059 1536 2463 9909 1438 1684 2044 2373 2851 3385 4480 5264 6598 7489 9521 4863 5234 5660 6156 6683 7007 7583 8399 8906 8848 9625
28 35 450 903 1426 2277 3559 6260 9088 2008 2357 2675 3121 3495 4036 4579 5319 6040 7170 8657 8473 6069 6480 6904 7462 8010 9687 8840 9627
28 36 469 1084 1841 3589 6185 8941 1685 2045 2374 2805 3296 4427 5290 6594 8735 8626 4866 5301 5929 6396 6790 7738 9093 8936 8271 8868 9761
28 37 466 1064 1892 3064 5538 9614 1689 2031 2377 2766 3137 3551 4155 4816 5546 6472 7539 9984 5654 6101 6587 6925 7341 7999 8438 8909 9626
7 38 480 1077 1898 2864 5029 7036
28 40 453 870 1400 2005 2747 4267 5666 8556 8712 2681 3038 3434 3750 4212 4663 5257 5772 6976 8456 9040 6418 6771 7301 7796 8437 9930 9654
27 41 454 836 1358 1766 2588 3415 4041 4735 7123 9589 3024 3398 3735 4085 4457 4878 5349 5930 7089 8608 9142 6780 7309 7806 8470 9651
28 42 468 932 1586 2964 6467 3871 1693 2048 2478 2876 3642 4676 5812 7742 8554 4511 4867 5238 5700 6231 6733 7177 7661 9896 8273 8956 9743
28 43 479 1093 1923 5244 9443 1447 1697 2036 2383 2808 3150 3553 4175 5354 7044 7951 8369 5227 5656 6132 6674 7018 7619 8286 9027 8876 9952
28 44 488 1230 2724 9794 1138 1474 1799 2089 2499 3301 4253 4860 5949 7748 9622 4536 4869 5241 5684 6181 6692 7371 8052 9435 8274 8882 9926
28 45 491 1115 2770 4955 9215 1475 1831 2142 2555 3132 4131 4994 6070 7751 8581 4537 4871 5289 5794 6505 6776 7388 8172 9208 8277 8915 9735
28 46 456 884 1445 2114 2998 5449 7467 5575 2382 2696 3122 3454 3962 4452 4900 5884 7213 8834 9258 6110 6420 6907 7529 8015 9754 8892 9680
28 47 458 819 1229 1730 2488 3492 4741 6242 9791 2686 3102 3463 3968 4529 5103 6508 7540 9802 5662 6161 6680 7024 7646 8439 9801 8902 9751
28 49 535 1254 3204 9766 1142 1476 1840 2144 2500 3151 3933 4757 5895 7831 8920 4546 4872 5302 5768 6290 6712 7101 7674 9686 8285 8938 9744
27 50 478 915 1495 2321 3860 5944 9885 2020 2385 2702 3127 3470 3979 4517 5149 5638 6954 8238 9074 6115 6424 6786 7312 7805 8339 9355
28 51 540 1204 3289 8002 1170 1480 1861 2148 2590 3164 3937 4763 6112 9059 4170 4552 4921 5340 6020 6667 7480 8472 8651 7787 8324 8984 9696
26 52 467 888 1462 2080 2993 4049 6152 8717 2386 2769 3159 3577 4201 5194 5775 6673 8096 9562 5663 6119 6570 6910 7547 8009 8672
26 53 471 919 1507 2161 3238 4909 6257 9517 9294 2690 3047 3435 3752 4219 4620 5019 5530 6553 7181 9492 6438 6930 7392 8025 8471
27 54 555 1095 1865 3408 9922 1487 1820 2125 2522 2974 3815 4488 5432 6788 9814 4555 4879 5305 5958 6540 7294 7970 9242 7792 8298 9082
27 55 442 751 993 1220 1461 1767 1953 2285 2701 3504 5348 7215 9220 3921 4270 4634 5004 5512 6030 6668 8752 8741 7293 7808 8401 9300
3 56 590 2163
27 57 459 852 1235 1672 2081 2811 3744 4230 5718 7943 8838 3384 3680 4017 4293 4642 5005 5420 6124 7244 9989 6794 7314 7811 8416 9330
4 58 579 1304 4891
28 59 976 6828 585 825 1215 1504 1870 2279 2615 3803 4743 5407 6273 7996 8540 4558 4880 5260 5801 6543 7517 8537 8689 7799 8302 8940 9890
28 60 598 1290 2818 9918 1177 1494 1871 2159 2524 3217 4178 4766 6007 7035 9793 4575 4875 5263 5701 6178 6708 7046 7675 9460 8309 8951 9820
27 61 448 753 1051 1420 1714 1932 2365 2489 3440 4005 5460 6981 9271 3938 4274 4667 5016 5705 6935 8235 9122 6804 7315 7817 8431 9886
5 62 562 1141 1931 4846
7 63 504 1044 1594 2329 4127 8700
28 64 462 857 1217 1666 2201 2902 4231 5896 7824 9552 3025 3396 3701 4031 4394 4747 5274 5789 6303 7639 9825 6807 7316 7823 8476 9130 9670
7 65 470 904 1478 2337 4348 7700
28 66 461 859 1370 1807 2562 3486 3942 4823 7459 9004 3029 3411 3721 4034 4278 4653 5023 5552 6033 6675 7360 8117 9647 7810 8323 8955 9819
28 67 487 917 1483 2067 2689 3652 5647 6789 9942 2706 3135 3567 4176 5053 6341 7427 9998 5237 5668 6133 6659 6963 7566 8048 8937 8932 9685
28 68 602 1148 1909 3514 5723 7348 1723 2054 2402 2837 3234 3639 4527 5609 6343 7880 9154 5240 5674 6163 6681 7021 7653 8081 8916 8950 9691
27 69 463 863 1316 1765 2625 3576 4445 6052 7881 9032 3030 3403 3732 4045 4302 4690 5032 5675 6126 6837 8206 8977 7318 7812 8444 9321
28 70 638 2169 9005 769 1186 1509 1872 2141 2501 2892 3342 3998 5447 6349 7968 8454 4873 5267 5702 6179 6696 7100 7699 9539 8328 8970 9679
27 71 522 1118 2840 7820 1097 1489 1725 2082 2506 2894 3852 4814 5750 6844 8152 9301 4877 5279 5708 6292 6773 7408 9009 7816 8446 9376
28 72 496 925 1506 2219 3113 4683 6795 9454 2388 2796 3154 3568 4076 4727 6236 7349 8790 8931 5678 6172 6684 7090 7706 9408 8329 8973 9563
28 73 635 1293 3120 9753 1200 1491 1733 2065 2417 2850 3237 3590 4548 6097 7083 7611 9715 5235 5686 6182 6589 6932 7502 8049 8763 9469 9675
27 74 473 875 1373 1811 2629 3641 4962 8113 9206 2711 3050 3414 3746 4046 4453 4809 5360 5945 7199 8256 9730 6815 7319 7822 8450 9421
5 75 526 1120 1699 3737
27 76 495 905 1484 2165 2767 4295 5334 9639 2393 2844 3283 3662 4956 6358 7202 9746 4882 5282 5690 6197 6726 7106 7815 8598 8338 8981
7 77 500 931 1517 2298 3929 7252
28 78 503 981 1549 2376 4338 7795 9387 2026 2394 2804 3163 3659 4755 5461 7214 8452 8619 5285 5695 6188 6699 7179 7897 8886 8491 8962 9698
6 79 623 1147 1939 3857 6221
28 80 558 1021 1641 2516 4553 7472 6934 2041 2395 2829 3178 3809 5773 6979 9840 4583 4884 5306 5981 6560 7607 9445 7320 7829 8475 9874 9705
28 81 484 866 1266 1671 2091 2855 3837 4519 5065 6093 9604 3371 3651 3947 4245 4584 5041 5384 6169 7033 9762 6818 7339 7866 8513 9832 9733
28 82 675 2208 9938 842 1218 1496 1859 2104 2504 2903 3401 3956 4991 5935 7087 9961 4885 5287 5709 6235 6774 7328 7945 9083 8342 8978 9757
28 83 505 995 1619 2421 3838 5179 9955 2056 2397 2841 3174 3613 4122 5223 6401 7530 9683 5291 5713 6211 6730 7130 7720 9403 8346 8989 9806
28 85 485 862 1236 1696 2111 2891 3273 4337 7733 8861 3049 3420 3754 4086 4487 4890 5166 5850 6531 8066 9688 6836 7323 7830 8492 9988 9768
3 86 710 6870
6 87 597 1129 1951 3664 7058
28 90 520 988 1552 2423 3611 6288 9782 2059 2404 2809 3182 3628 4187 4889 5397 6071 7390 9692 5698 6125 6454 6946 7366 7935 8539 9361 9805
28 91 490 877 1375 1829 2363 2962 3872 4752 6840 9115 3051 3439 3765 4235 4745 5463 6232 7947 8322 6123 6450 6842 7342 7843 8516 9950 9851
28 92 494 847 1199 1468 1796 2215 2484 3324 4813 5311 6635 8327 8707 3951 4194 4585 4888 5317 6117 6894 9777 8734 7329 7837 8481 9987 9852
28 93 512 941 1397 2070 3041 4479 7783 9488 2399 2731 3117 3466 3846 4251 4762 5492 7300 8836 8809 6128 6512 6962 7407 8004 8628 9734 9869
28 94 521 1028 1645 2457 4133 9329 6693 2060 2406 2835 3201 3630 4222 5066 6335 7722 9048 5295 5724 6218 6713 7094 7723 8170 8954 8979 9965
27 95 475 799 1275 1597 1824 2239 2803 3427 4458 4753 6461 9241 8966 3966 4300 4623 5026 5391 6131 6787 8032 9047 7337 7840 8407 9229
28 96 532 1128 1658 2492 4160 7641 9599 2072 2407 2854 3331 3684 4385 5624 7268 9169 8365 5298 5725 6325 7095 8135 9833 7846 8348 8990 4078
28 97 501 887 1351 1717 2127 2849 3886 4886 6994 8959 3054 3451 3782 4121 4626 5336 5759 6797 7827 9855 6455 6856 7344 7857 8545 9980 9888
28 98 508 880 1277 1707 2347 3015 4310 6087 9259 2714 3057 3465 3845 4280 5152 6592 7597 9605 5699 6173 6657 6987 7525 8061 9420 8991 9707
26 99 637 1191 2019 4292 9568 1492 1729 2075 2444 2861 3262 3704 4678 5493 6287 8216 8919 5300 5710 6141 6597 6999 7560 8068 9060
28 100 509 889 1289 1858 2704 3626 4383 5616 7789 9024 3058 3433 3790 4128 4694 5427 5947 6427 9727 6135 6473 6927 7361 7949 8549 9407 9901
4 101 662 1306 3259
27 102 510 954 1520 2251 3378 4897 6210 8740 9250 2720 3066 3468 3798 4111 4473 4903 5419 5905 6549 7526 9758 6831 7357 7847 8378 9031
28 103 525 1032 1542 2307 3184 4522 5714 8870 8910 2732 3133 3474 3877 4359 4817 5774 7059 8849 8305 6139 6457 6875 7364 7872 8576 9652 9935
28 104 548 1086 1958 2922 6439 9771 1724 2074 2409 2745 3146 3487 4102 4849 5277 5762 7664 9157 5711 6213 6677 7062 7741 9682 8351 8995 9313
28 105 515 963 1401 1927 2823 3671 4723 6258 8862 8797 3067 3426 3759 4062 4456 4701 5167 5906 6497 7511 9708 6843 7370 7900 8590 9881 9974
27 106 517 914 1388 1895 2716 3637 5047 6405 9558 2738 3068 3445 3770 4068 4549 5068 5522 5993 6887 9618 6456 6849 7372 7856 8413 9333
27 107 679 1318 3617 4783 1221 1511 1875 2151 2545 2988 3706 4609 5555 6005 8070 8441 4894 5303 5751 6223 6728 7195 7921 9375 8353 9075
27 108 685 2130 3618 8012 1222 1521 1876 2175 2552 3001 3954 4928 6323 8332 8532 4586 4895 5329 5804 6326 6859 7439 9236 8565 8367 8996
27 109 457 761 1062 1292 1591 1926 2254 2476 3733 4908 5533 9438 3549 3972 4326 4638 5039 5385 6025 6561 7550 9835 7373 7873 8494 9397
28 110 573 1112 1669 2554 3543 5390 9726 2076 2415 2859 3233 3700 4238 5297 6183 7606 9493 5304 5712 6196 6630 7004 7588 8161 9077 9002 9619
27 111 690 1439 8046 854 1239 1523 1891 2153 2560 2971 3771 4672 6032 7906 8528 4587 4907 5353 5986 6572 7667 9943 7380 7894 8547 9658
26 112 528 1036 1575 2301 3180 4641 6350 9465 2401 2741 3155 3494 4025 5078 5781 7074 7696 9755 5716 6150 6474 6956 7381 8067 8813
28 113 481 665 982 1169 1330 1747 1964 2294 2617 3363 4275 5431 7057 8641 4184 4593 4924 5364 6061 6590 7155 7868 9665 7849 8368 9033 5970
28 114 564 1133 1663 2698 4725 9970 1734 2077 2434 2753 3157 3501 3973 4572 5745 7290 8589 8389 5719 6216 6639 7006 7570 8077 8872 9011 9996
26 115 518 940 1413 2096 3327 5046 8122 9396 2422 2754 3165 3476 3894 4312 4712 5448 5706 6623 7218 8829 6475 6971 7414 8031 8821
28 116 551 1039 1600 2502 4750 9967 1735 2079 2425 2771 3173 3536 4097 4650 5509 7279 8205 8998 5727 6155 6498 6967 7415 7998 8591 9813 9976
28 117 477 627 718 1102 1325 1532 1897 2189 2567 3006 4146 4922 5814 6368 8385 8522 4910 5310 5770 6253 6772 7189 7844 8536 8370 9035 1560
28 118 527 964 1405 1928 2746 3627 4476 9765 2424 2742 3082 3469 3847 4368 4801 5430 6408 8144 9699 6159 6503 6989 7422 7920 8534 9859 9393
28 119 506 767 1071 1516 1827 2257 2953 3720 4510 6151 8374 8777 3655 3976 4225 4595 4937 5389 6042 6628 7545 9107 9275 7864 8376 9030 8310
28 120 523 865 1283 1711 2202 3040 3950 4728 5817 7424 9787 3409 3717 4007 4327 4675 5061 5561 6276 7644 9695 6851 7382 7898 8593 9795 9084
27 121 534 968 1434 1917 2637 3676 5446 7714 9211 2748 3073 3453 3775 4072 4547 5000 5893 6936 9812 6160 6493 6903 7386 7903 8511 9462
27 122 539 1007 1617 2598 3390 5230 8710 9432 2426 2776 3186 3650 4952 5641 6770 7905 9437 5323 5864 6556 6906 7838 9602 7861 8379 9133
27 123 648 1287 2032 4145 9993 1500 1738 2095 2439 2911 3649 4627 5560 6941 8168 9010 4913 5372 5880 6442 6928 7578 9899 7867 8403 9151
28 124 571 1085 1636 2606 3591 5857 9781 2061 2429 2780 3112 3482 3799 4125 4489 4915 5633 6766 9841 6164 6523 7010 7474 7918 8601 9556 8292
28 125 569 1076 1662 2521 3405 5293 9736 2105 2453 2846 3212 3674 4191 5454 6411 8090 8860 5341 5732 6222 6722 7091 7735 8248 8819 9020 8175
28 126 547 972 1440 2136 3349 4203 5494 7586 9700 2774 3083 3477 3785 4074 4518 4912 5367 5980 6972 8639 9678 6877 7387 7931 8616 9785 7965
28 127 516 894 1409 2002 2822 3677 5232 8087 9201 2781 3203 3496 3982 4740 5196 5736 7452 9587 5743 6168 6526 7014 7587 8107 9419 9037 5868
27 128 483 772 1069 1389 1720 1976 2242 2517 3297 4998 5937 8396 8685 3988 4196 4602 4914 5356 5901 6312 6778 7330 9944 7870 8412 9167
28 129 570 1063 1665 2592 3928 5953 9577 2106 2440 2790 3213 3660 4210 4933 5784 6731 8142 9501 5744 6186 6537 7037 7599 8347 9322 9042 4525
27 130 537 973 1526 2310 3522 4695 6721 9404 2436 2782 3116 3498 3924 4290 4660 4982 5611 6075 7431 9342 6485 6884 7411 7907 8502 9671
28 131 669 1359 4592 9875 1223 1503 1745 2107 2479 2913 3506 4598 5028 6074 7297 9162 4920 5344 5878 6339 6823 7449 9367 8841 8382 9065 4090
27 132 593 1149 1680 2610 3679 6613 9277 2108 2468 2936 3563 4707 5683 7163 9797 4605 4939 5464 6105 6608 7160 7910 9571 7874 8421 9070
28 133 545 983 1432 2069 2827 3742 7375 9374 2442 2797 3210 3550 4000 4917 5378 6653 7744 9197 5746 6192 6538 7041 7456 7940 8656 9392 7956
28 134 556 1056 1556 2318 3095 3987 5819 9484 2455 2783 3124 3499 3854 4248 4533 4881 5479 6227 7157 9732 6502 6922 7425 7915 8550 9968 7928
27 135 507 821 1096 1471 1854 2267 2674 3089 3658 4283 5248 6968 9745 3989 4207 4607 4944 5373 6102 6636 7396 8570 9021 7876 8445 9156
2 136 1212
27 137 574 1070 1683 2608 4987 9849 1746 2121 2526 2943 3412 4110 5013 5871 7269 9905 4930 5379 6130 6687 8568 8729 7398 7882 8486 9192
27 138 543 958 1423 1936 2836 4554 5865 9172 8972 2784 3092 3493 3793 4087 4591 4963 5741 6230 7989 8845 6529 6924 7406 7883 8485 9226
7 139 588 1144 1952 2623 3984 6127
28 140 667 1312 2090 3724 5253 9960 1755 2110 2498 2947 3336 3730 5015 6107 7310 9248 4935 5347 5764 6353 6854 7377 7997 8533 8395 9045 6466
27 141 524 909 1291 1750 2030 2471 3094 4129 4791 5204 6514 8753 3667 3990 4233 4613 4958 5380 6122 6620 7247 9704 7401 7877 8410 9068
27 142 8942 519 610 856 1232 1531 1905 2351 2655 3678 4401 5833 7069 8704 4200 4615 4965 5411 5992 6565 7175 7908 9113 7884 8493 9298
26 143 702 1454 2227 3812 8957 9339 1762 2115 2513 2923 3330 3823 4719 5200 5842 7603 9415 5324 5748 6220 6580 7045 7594 8074 8855
27 144 1038 8925 606 864 1233 1537 1896 2154 2582 3515 5141 6911 8683 3991 4291 4617 4981 5442 6043 6691 8084 9907 7428 7901 8505 9362
28 145 707 2273 8850 8013 1227 1508 1846 2122 2532 2965 3587 4216 5030 6421 7784 8423 4938 5366 5879 6363 6923 7447 9053 9062 8406 9046 7657
26 146 514 833 1286 1763 2692 3644 4540 6518 9176 2787 3169 3505 3925 4316 4730 5468 6295 6992 7850 8815 6536 6966 7445 7926 8673
28 147 536 916 1446 1916 2638 3143 4611 6266 9808 2788 3105 3502 3811 4264 4632 5339 6233 7144 8655 9607 6541 6942 7438 7924 8650 9800 7475
28 148 722 2508 9334 874 1240 1541 1907 2204 2646 3306 4229 5096 6057 8043 8755 4618 4940 5374 5907 6366 6798 7486 8318 9348 8419 9116 5335
28 149 577 1080 1698 2656 4277 6191 9499 2112 2467 2863 3222 3707 4252 5325 7079 8260 8364 5343 5756 6237 6743 7192 7839 8436 9092 9052 6822
27 150 497 826 1104 1416 1965 2295 3019 3814 4508 5239 6644 8723 3692 4003 4318 4636 5042 5484 6180 6918 8408 9028 7430 7912 8506 9303
28 151 591 1089 1582 2671 3656 6271 8535 8905 2464 2802 3211 3573 4032 4573 5965 7127 9966 5351 5766 6243 6779 7217 7753 9337 8420 9071 3629
28 152 529 843 1166 1499 1885 2283 3096 3835 4700 5659 8008 8762 3693 4016 4328 4685 5072 5738 6568 7514 9892 6900 7434 7933 8551 9923 7399
7 153 600 1091 1726 2679 3887 9380
28 154 603 1158 1731 2773 5697 9716 1773 2118 2470 2810 3216 3682 4333 5403 6017 6796 7740 8867 8304 6189 6547 6969 7457 7967 8646 9810 6783
28 155 604 1122 1728 2730 3665 5408 8331 7814 2473 2842 3221 3686 4234 5084 6022 7204 8341 8336 5717 6199 6550 7019 7466 7987 8693 9636 6412
27 156 538 970 1449 1816 2647 3033 3914 4785 7001 9560 3103 3410 3740 4089 4406 4718 5102 5739 6309 7688 8935 6951 7442 7916 8510 9574
27 157 482 823 1081 1299 1464 1832 2256 2454 3728 4995 6569 9615 3697 4020 4331 4677 5073 5475 6175 6704 7652 8041 9416 7889 8426 9100
6 158 630 1180 2243 3994 8154
27 159 542 918 1340 1769 2232 2824 3248 4769 5395 6944 8137 8716 3743 4021 4347 4689 5083 5565 6137 6709 7670 9933 7435 7922 8542 9319
27 160 631 1173 1751 3749 7404 8607 1777 2119 2477 2874 3235 3736 4603 5834 7343 9883 4953 5386 5976 6697 7258 9870 7446 7941 8562 9722
28 161 544 912 1296 1775 2258 3322 4697 6433 9818 2791 3108 3509 3948 4323 4739 5401 6310 6929 8924 9006 6558 6984 7477 7971 8688 9871 7005
28 162 620 1195 2073 3218 5415 9940 1784 2123 2480 2882 3256 3777 4254 5229 6275 7803 9877 5352 5782 6375 6829 7417 7930 8807 8425 9078 5440
27 163 575 974 1457 2001 2725 3715 4759 6533 8690 9058 3104 3513 3843 4104 4543 4919 5524 6079 6577 8124 8769 6901 7448 7984 8620 9784
28 164 531 871 1176 1501 1850 2068 2350 2572 3479 4037 4416 5731 7166 9257 4208 4624 4957 5382 5909 6707 7063 7541 8215 8721 8434 9118 2695
28 165 650 1234 1966 3093 4716 9891 1792 2126 2534 2945 3241 3738 4334 5115 6028 7484 9760 5358 5757 6244 6727 7065 7718 8121 8772 9087 4494
28 166 493 832 1098 1348 1638 1781 2263 2800 3800 4431 5252 6045 7281 9239 4214 4630 4966 5394 6047 6552 6977 7571 9453 8525 8435 9104 568
27 167 705 1278 1972 3107 4432 9311 1794 2128 2535 2950 3353 3801 5079 5928 7577 9279 4959 5369 5777 6247 6751 7077 7635 9969 8440 9127
27 168 546 890 1307 1719 2012 2487 3423 4413 4968 6158 8913 3424 3778 4105 4426 4825 5168 6162 6506 8483 9491 6916 7451 7927 8504 9159
27 169 550 924 1314 1740 2085 2514 3192 4132 4808 6365 8839 3430 3783 4024 4344 4711 5117 5796 6400 6841 8230 8680 7455 7934 8529 9228
3 170 1006 8377
26 171 605 1161 1801 2583 3688 6453 9461 2132 2482 2817 3228 3534 4100 5231 6099 7869 9468 5192 5769 6200 6584 7043 7488 8064 8842
28 172 552 867 1203 1513 1974 2303 3034 3876 4179 5209 5581 8363 8888 4028 4353 4768 5396 6001 6554 7828 9588 6952 7465 7988 8624 9694 5693
7 173 609 1127 1802 2786 4018 5646
28 175 561 985 1540 2194 2985 3923 5361 8057 9198 2799 3181 3547 4067 4461 5165 5795 6354 7593 9780 6198 6563 7048 7615 8165 9816 9090 3869
27 176 737 2813 7509 892 1245 1553 1911 2205 2584 3059 3996 4859 5894 7228 8658 4635 4969 5417 6142 6720 8794 9108 7471 7975 8464 9134
28 177 576 996 1498 2083 2853 3681 4844 9714 2495 2825 3227 3556 4044 4369 4831 5585 5936 6835 8208 9713 6567 7066 7490 8115 9889 9003 5497
28 178 581 1017 1571 2266 3003 3792 5312 8120 9126 2828 3114 3524 3851 4167 4562 4906 5421 5921 6299 6937 8315 9524 7479 8007 8748 9666 5299
6 179 644 1202 1961 3347 6063
28 181 9931 423 622 902 1252 1557 1862 2156 2546 2995 3516 4934 6096 7496 8538 4637 4971 5470 6149 6791 7780 9582 7492 8014 8705 9649 5018
5 182 729 1456 3286 5571
26 183 621 1099 1607 2339 3128 4126 5758 9227 9025 2831 3231 3593 4135 4732 5261 5918 7660 9997 8299 6202 6575 7068 7610 8141 9510
28 184 625 1172 1809 2794 4177 8908 1797 2160 2505 2885 3251 3747 4165 4771 5412 6725 9697 5359 5771 6248 6775 7237 7708 8234 9268 9109 187
25 185 642 1184 1837 2814 5063 9834 1804 2140 2515 2901 3266 3788 4612 5531 7395 9873 4973 5375 5792 6306 6833 7260 7786 8469
25 186 628 1103 1739 2458 3369 4220 6603 9317 2497 2852 3247 3561 3967 4335 4870 5456 5832 6500 7426 9528 6601 7078 7626 8200
27 188 757 1547 3969 8980 1228 1518 1845 2164 2557 2955 3352 3805 4999 5788 6435 9767 4980 5400 5933 6397 7107 7590 9583 7911 8447 9138
26 189 589 1049 1577 2353 3304 5458 8210 9336 2507 2838 3119 3530 3959 4382 4850 5570 6516 8295 8986 6206 6615 7080 7620 8127 9111
28 190 498 853 1101 1259 1603 1819 1999 2354 2752 3695 4422 5410 6148 8430 8497 4639 4989 5472 6174 6949 9016 9085 7493 8105 8750 9566 4839
6 191 746 1288 2138 3480 5859
27 192 652 1295 2172 5108 8865 1512 1830 2173 2561 2991 3526 4436 5791 6631 8404 8451 4984 5377 5799 6268 6769 7265 7961 9244 8448 9158
26 193 582 997 1451 2058 2726 3734 4731 6434 8044 8971 3129 3531 3859 4204 4647 5271 5761 6852 8276 9231 6607 6985 7498 8108 8779
26 194 619 1083 1675 2361 3687 5508 8527 9399 2511 2856 3190 3532 3862 4221 4569 5258 5863 6371 8418 9017 6618 7120 7645 8129 9425
28 195 632 1107 1759 2474 3719 6748 9739 2143 2518 2857 3267 3748 4262 4946 5199 6369 7705 9861 5779 6261 6698 7081 7542 8136 8745 9496 4435
28 196 594 1092 1659 2391 3002 3762 5436 7731 9178 2867 3269 3699 4276 4684 5286 5912 7324 9260 9218 6228 6634 7096 7501 8143 9709 9128 2735
4 197 749 1559 5586
28 198 651 1213 1983 3690 5665 9312 1815 2147 2525 2909 3277 3820 5142 6108 7964 9667 4986 5451 5999 6423 6846 7354 8050 9378 8449 9144 2465
26 199 553 893 1308 1551 2047 2569 3302 4375 5147 9953 3090 3457 3758 4029 4355 4722 5122 5728 6224 6980 8759 8805 7494 8017 8817
28 200 511 876 1193 1424 1761 2087 2381 2889 4108 4633 5345 6782 9644 4035 4356 4734 5104 5729 6225 7139 9858 6961 7503 8027 8833 9611 4379
28 201 647 1108 1812 2819 5504 9309 1833 2166 2527 2893 3282 3756 4336 5111 5765 6487 7739 9540 5783 6251 6746 7132 7734 8252 9299 9137 2571
26 202 614 1011 1505 2071 2798 3787 4927 6585 9775 2869 3138 3462 3784 4113 4486 4950 5827 6646 7450 9379 6633 7000 7508 8140 8873
4 204 758 1705 8022
27 205 653 1185 1813 2847 4350 6507 9677 7405 2512 2875 3271 3763 4152 5110 5414 6889 9653 5381 5803 6301 6785 7331 7917 9706 8458 9164
27 206 559 883 1310 1727 2097 2575 3243 4303 5536 8106 8880 3444 3773 4050 4297 4643 5001 5473 6038 6734 7201 7979 9001 7929 8459 9165
27 207 712 1341 2845 9326 2563 1305 1835 2174 2580 2996 3374 4342 5056 6193 7369 8384 8352 5387 5809 6406 6816 7385 7942 8958 8462 9171
27 208 560 897 1255 1519 2088 2750 3766 4484 5044 6051 9717 3459 3786 4063 4397 4772 5482 5882 6432 7050 9155 6965 7512 7994 8560 9238
28 209 572 886 1188 1525 2004 2380 3309 3932 4556 5404 9895 3461 3789 4099 4433 4777 5233 5747 6557 7845 9725 7020 7513 8026 8903 9457 4377
26 210 578 928 1463 1780 2705 3037 3957 6080 8001 8949 3148 3475 3802 4114 4515 4843 5139 5778 6219 7003 7892 9029 7515 8023 8917
28 212 584 991 1382 1828 2149 2650 3268 4391 4861 5551 7985 9056 3779 4101 4366 4714 5040 5502 6267 7027 9655 7028 7516 8153 9963 9140 4309
26 213 664 1231 2100 3723 9906 1524 1863 2179 2587 3312 4542 5811 8606 8638 4223 4645 5008 5486 6176 6736 8287 9422 7532 8063 8992
27 214 654 1126 1847 2926 5629 9711 1838 2167 2543 2907 3293 3813 4341 5528 6194 7416 9659 5393 5815 6333 6799 7285 8045 9363 8484 9179
26 215 634 1131 1825 2683 3781 5376 9648 2178 2547 2933 3299 3844 4500 6011 7412 8313 9177 5402 5808 6239 6638 7103 7609 8166 9055
27 216 668 1153 1868 2806 4606 6919 9668 2180 2548 2935 3359 3878 4362 5190 6394 7617 9957 5405 5824 6378 6855 8196 9593 7952 8489 9180
27 217 673 1219 2113 3012 4799 9915 1843 2181 2556 2931 3300 3881 4827 5418 6383 7054 8222 9051 5816 6270 6716 7142 7782 9880 8509 9182
27 219 502 782 986 1181 1364 1756 1988 2311 2676 3831 4466 5429 6627 9494 4246 4652 5009 5462 6083 6714 7047 7973 9575 7993 8521 9190
28 220 681 1156 1899 2821 4040 6170 8443 2184 2595 3000 3713 4081 5145 6302 7991 8781 4990 5452 6036 6415 6858 7321 7797 8896 9234 9166 3607
3 221 759 2225
27 222 445 655 992 1211 1338 1584 1914 2348 2619 3889 4726 5435 6348 8636 4250 4659 5014 5481 6116 6738 7238 8600 8822 8018 8662 9779
26 223 706 1279 1938 2697 4281 9439 1852 2187 2558 2938 3316 3796 4289 4847 5327 6640 7257 9057 9105 6245 6643 7118 7562 8072 8933
2 224 5672
28 225 586 999 1469 1839 2427 3020 4691 4976 6881 8552 8837 3471 3795 4115 4371 4767 5092 5625 6282 7023 9919 7034 7535 8028 8993 9512 4094
28 226 725 1301 2200 3825 9417 1527 1864 2191 2644 3004 3711 4774 6250 8091 9343 4601 5006 5409 5835 6345 6810 7340 7932 9447 8477 9187 3253
25 227 717 1157 1788 2628 3520 4531 5854 8337 9123 2881 3194 3570 4073 4454 4932 5802 7478 9893 5818 6255 6647 7148 7707 8357
5 228 756 1472 3043 5841
28 230 592 1025 1574 2182 2878 3819 5150 6595 9591 2884 3258 3574 4093 4468 5288 5826 6732 7878 9173 6265 6648 7143 7630 8197 9547 9191 2519
3 231 1343 8789
26 232 676 1124 1608 2188 2886 4157 5900 9608 2520 2896 3205 3592 4075 4459 4876 5595 6214 9147 8280 6269 6645 7134 7564 8097 9072
27 234 795 2530 9476 920 1251 1550 1884 2192 2596 3010 3360 4182 5178 6482 8156 8405 5012 5422 5837 6297 6806 7220 7800 9866 8520 9195
28 235 663 1033 1648 2223 2888 4149 5474 8718 8897 2883 3160 3490 3807 4117 4470 4970 5525 6091 6632 7774 9788 7064 7534 8033 8767 9482 3580
27 236 755 1327 2322 4047 8301 9703 1860 2198 2551 2898 3285 3595 4144 4835 5703 7261 8487 8340 5829 6272 6672 7145 7627 8199 9570 9199
27 237 747 1336 1903 2833 3791 6060 6690 2206 2599 3013 3519 4721 5669 7476 8751 4648 5017 5426 5959 6436 6945 7591 9572 8020 8530 9202
28 238 682 1151 1661 2249 2976 4079 5988 8947 9099 2899 3188 3537 3829 4263 4710 5217 5590 6524 7241 9500 6649 7082 7548 8038 8976 9632 3156
25 239 687 1216 2152 3620 9860 1528 1869 2207 2565 2956 3376 3897 4961 5634 6872 8174 8999 5406 5830 6367 6800 7178 7743 8297
28 241 599 936 1342 1836 2226 3056 4172 6853 9676 2900 3261 3584 3963 4279 4715 5383 5987 7038 8702 8810 6652 7135 7569 8109 8814 9934 2949
28 242 703 1162 1694 2460 3274 4197 5874 6931 9616 2904 3191 3597 4092 4512 4936 6092 7481 9978 5838 6344 6808 7205 7790 8317 9247 9207 2920
27 243 721 1225 2103 2880 4332 7161 9290 2209 2568 2959 3379 3888 4923 5588 6417 7669 9542 5425 5844 6389 6862 7365 7982 9498 8548 9209
27 244 612 1026 1548 1971 2707 3162 3978 5011 6978 9389 3149 3510 3818 4130 4472 4898 5568 6215 6611 8894 8754 7040 7546 8030 8585 9433
27 245 533 881 1117 1428 1818 2282 2616 3118 4174 5269 5753 8463 8677 4056 4255 4657 5021 5523 6171 6754 7272 7925 9872 7957 8555 9264
3 246 762 1562
1 247
26 248 595 929 1317 1604 2124 3063 3995 4901 7042 9308 3167 3512 3839 4163 4499 4851 5216 5793 6362 8005 9856 7085 7555 8126 9079
27 249 639 1034 1477 1894 2723 3464 4226 5545 8319 8866 3168 3541 3840 4119 4449 4840 5357 5950 7225 9982 672 7070 7553 8034 8595 9328
28 250 735 1174 1795 2703 3718 5318 9117 8371 2523 2906 3278 3635 4322 4765 5363 6428 7485 9911 5847 6443 6820 7352 7995 9884 8518 9216 2432
27 251 778 2055 4103 9650 1256 1561 1921 2284 2672 3497 4215 4983 6373 7834 8592 4656 5031 5519 6146 6758 7671 8875 7499 8021 8573 9254
28 252 618 1035 1554 2131 2925 3945 5923 7011 9184 2910 3323 3873 4360 4945 5755 6723 7821 9689 5853 6283 6757 7149 7781 8247 9458 9246 2135
7 253 750 1280 2157 3185 5398 8618
27 254 624 1053 1578 2022 2743 3488 4315 5652 8490 8818 3170 3542 3867 4209 4582 4993 5558 5963 6337 7128 8356 8771 7554 8035 8603 9474
28 255 693 1155 1691 2262 3140 4273 6650 9567 2531 2915 3199 3606 4136 4571 5215 6095 7308 8577 9857 6263 6654 7086 7558 8125 9022 9804 2356
28 256 701 1183 1703 2490 3310 4568 7533 9296 2536 2916 3215 3609 3874 4266 4590 5080 6037 6964 8635 9091 6656 7092 7573 8134 8960 9710 2009
25 257 723 1241 1848 2594 3780 5057 7601 8654 2537 2919 3292 3908 4738 5488 6084 7423 9959 5424 5856 6274 6793 7286 7802 8720
28 258 794 1653 3313 9522 1260 1565 1912 2213 2611 3018 3769 4680 5831 6950 8580 8417 5025 5428 5861 6379 6821 7298 7832 8930 8695 9255 1757
5 259 790 1718 3386 8217
27 260 727 1242 1935 2940 4311 7182 8269 2216 2578 2921 3295 3625 4188 4560 5333 5820 7694 9979 5858 6279 6824 7351 7958 9630 8557 9262
27 261 743 1205 1798 2450 3417 4778 6559 9555 2538 2924 3308 3661 4173 4674 5330 6166 7544 9949 5866 6331 6830 7418 8003 9983 8559 9263
5 262 763 1573 3562 7173
3 263 1139 7049
27 264 770 1701 3528 8178 1263 1568 1946 2231 2632 3060 4116 5121 6317 7154 8526 4658 5033 5527 6167 6755 7835 8757 7557 8037 8610 9778
4 265 796 1887 4120
27 266 617 930 1179 1392 1681 1834 2016 2466 3552 5224 6676 8726 3816 4123 4496 4942 5548 5805 6347 7030 8678 8743 7567 8042 8597 9272
28 267 629 938 1322 1856 2317 2929 4083 4918 6470 8948 3176 3544 3879 4147 4539 4947 5607 6328 7022 8011 9356 7088 7572 8051 9023 9424 1992
27 268 513 780 1046 1257 1466 1800 1982 2378 3125 4284 5316 5889 9590 4058 4260 4661 5036 5465 6085 6459 6947 8065 9073 8024 8575 9265
28 269 791 1377 2286 3850 9532 1530 1873 2217 2601 2960 3387 4192 5197 6986 8082 8663 5027 5433 5899 6386 6857 7288 7848 9962 8564 9267 474
27 270 783 1403 2185 3255 5125 8543 8744 2218 2634 3081 3911 5146 6521 8633 4285 4664 5062 5587 6204 6812 8202 9310 7561 8029 8588 9273
27 271 565 895 1109 1302 1539 1814 2190 2405 3209 4380 5138 7151 9371 4059 4299 4696 5064 5529 6205 6801 8853 8732 7574 8058 8691 9508
26 272 678 1050 1485 1851 2255 3071 4354 6118 8424 8943 3196 3554 3895 4272 4789 5093 5645 6229 7242 9603 6658 7097 7576 8099 9080
28 273 489 658 699 933 1281 1589 1934 2237 2778 3864 5322 6993 9427 4064 4372 4699 5074 5532 6249 6988 9742 7102 7592 8148 9026 9388 1543
27 274 686 1119 1708 2550 3848 6458 9865 2220 2607 2978 3419 4581 5185 6501 8089 9596 5034 5437 6059 6486 7072 7703 8811 8040 8609 9284
28 275 684 1196 1742 2372 2946 4286 7527 9533 2539 2927 3290 3610 4168 4521 5007 5496 6284 8114 9518 6280 6737 7164 7788 8362 9237 9274 1515
27 276 738 1238 1793 2604 3298 5547 9770 2228 2614 2990 3391 3916 4386 5676 7251 8380 8756 5453 5910 6444 6948 7584 9050 8857 8566 9276
27 277 596 896 1110 1393 1688 1882 2269 3206 4509 5251 5735 6973 9664 4066 4349 4704 5045 5534 6138 6522 7076 7536 9924 8055 8614 9288
27 278 745 1244 1849 2961 4296 6750 7937 8558 2559 2928 3200 3616 3896 4330 4770 5183 5696 6315 7358 9440 6662 7104 7579 8062 8644 9513
27 279 731 1068 1615 2349 3106 4054 5455 7393 9061 2912 3197 3557 3901 4159 4566 4893 5172 5763 6510 7185 9863 7114 7580 8059 8615 9370
28 280 680 1057 1596 1950 2328 3084 4161 4811 7537 9383 3208 3565 3904 4211 4608 5052 5754 6878 7473 8706 9096 6689 7585 8075 8760 9981 1335
25 281 683 1042 1502 1890 2306 3100 4261 5342 7311 9369 3220 3621 3977 4351 4925 5916 6599 7963 9535 6293 6838 7259 7798 8584
27 282 748 1243 1808 2764 3836 5471 9606 2229 2631 3016 3437 3927 5085 5797 6616 9643 5043 5514 6064 6542 7016 7419 8162 8851 8586 9282
7 283 752 1258 1893 3042 4911 7986
28 284 607 934 1198 1534 1857 2236 2549 3558 4516 5737 9674 3527 3821 4137 4384 4773 5143 5810 6314 7200 9245 7116 7595 8103 8826 9823 1315
26 285 694 1167 1616 2302 3287 4162 5931 8847 9097 2930 3305 3645 4190 4565 5128 5677 6867 8132 9529 6296 6703 7150 7624 8177 9112
27 286 670 1031 1357 1749 2183 2666 3348 4288 4896 5296 8863 3540 3830 4139 4398 4784 5133 5785 6286 6869 7919 9235 7602 8079 8617 9623
5 287 764 1350 2221 3755
28 288 765 1285 2170 3134 5720 8350 8898 2230 2570 2948 3328 3808 4345 5022 5843 6761 9585 8333 5860 6304 6705 7162 7604 8150 9043 9809 1209
27 289 797 1602 3279 6479 8802 1564 1886 2234 2633 3061 3794 5127 6334 7673 8647 4665 5050 5526 6056 6447 6874 7500 9748 8073 8631 9790
28 290 611 907 1168 1417 1656 1822 2017 2389 2820 3934 4580 6943 9663 4080 4400 4775 5094 5597 6464 7332 9553 7117 7614 8242 9948 9283 1066
27 291 788 1408 2280 3892 6342 4795 1866 2233 2566 2934 3232 3622 3946 4224 4669 4978 5520 6086 6626 8393 9295 7119 7612 8085 8642 9364
27 292 636 946 1444 1919 2775 3633 5055 7002 9601 2937 3314 3672 4106 4407 4804 5416 5997 8053 9455 6305 6719 7167 7647 8246 9441 9286
27 293 760 1268 1877 2491 3741 5821 8738 2235 2585 2958 3339 3828 4370 5275 5961 7888 9826 5457 5998 6452 6975 7504 9612 8086 8629 9289
28 294 688 1187 1704 2369 2830 4189 5443 7146 8887 2917 3236 3566 3905 4378 4682 5002 5614 6351 7421 9951 6663 7129 7628 8094 8659 9847 677
27 295 1150 9472 696 935 1294 1583 1924 2244 2662 3171 4271 4864 5787 7008 9095 8411 5049 5477 5913 6391 6861 7397 8201 8725 8587 9297
4 296 805 2276 7223
28 297 530 802 846 1106 1311 1620 1930 2268 2678 3944 4504 5521 6685 8226 8523 4666 5070 5537 6264 6860 7851 9621 7629 8182 9114 9789 837
2 298 1300
27 299 811 2441 4124 8375 1267 1587 1937 2241 2682 3144 3822 4812 6445 8138 8515 4673 5054 5550 6106 6462 7071 7887 9506 8093 8645 9720
28 300 659 947 1345 1743 2102 2496 3109 3456 4412 5439 6576 9145 3826 4084 4396 4709 5134 5689 6320 7625 9592 7140 7631 8101 8664 9912 303
28 301 818 2271 4186 9796 1272 1595 1960 2299 2688 3318 4169 5276 5972 6991 9086 4686 5069 5556 6289 7056 9848 7141 7633 8160 9103 9410 88
3 302 906 2509
28 304 742 1249 1754 2446 3250 4305 5637 9898 2576 2941 3245 3572 3833 4171 4415 4899 5243 5877 6555 7634 9285 7152 7650 8427 9185 9291 84
27 305 781 1303 2210 3172 4057 7825 9243 2240 2621 2994 3395 3943 5126 5960 7950 9551 5060 5495 5915 6437 6863 7454 7966 9894 8630 9306
27 307 828 2049 9876 945 1276 1580 1902 2246 2684 3136 3725 4640 5450 7039 8279 8392 5076 5559 6187 6777 7299 8465 9386 8104 8637 9341
27 308 831 1722 7441 7855 1273 1588 1904 2248 2685 3223 4298 5459 6534 8078 8507 4687 5082 5564 6104 6574 7098 7598 8233 8749 8652 9729
6 309 784 1356 2289 4013 7093
5 312 792 1488 2618 5173
27 313 649 953 1337 1770 2158 2761 3350 4474 5051 5964 7649 9413 3842 4195 4550 4964 5184 5849 6324 7254 8474 9822 7636 8159 9000 9681
27 314 840 2410 3880 9792 1313 1601 1942 2272 2636 3009 3397 3960 4524 5365 6468 7885 9541 5466 5887 6313 6839 7326 7871 8922 8687 9314
27 315 601 921 1197 1448 1753 2084 2274 2542 3187 4545 5399 5806 6876 8249 8508 4693 5087 5569 6165 6612 7280 9594 7637 8110 8667 9838
28 316 962 2664 8499 950 1324 1639 1967 2325 2687 3355 4142 5337 6136 7165 8503 4703 5088 5567 6157 6604 7291 8604 8668 8112 8686 9992 48
27 317 910 2597 9850 951 1331 1643 1980 2340 2708 3467 4367 5489 6845 8859 4307 4705 5099 5582 6308 6802 7695 9161 8812 8116 8782 9897
27 318 643 959 1328 1629 2093 2387 3226 3964 5563 8808 8825 3546 3849 4088 4403 4756 5101 5600 6318 7031 9853 7156 7638 8118 8694 9526
27 319 689 1058 1606 1957 2779 3604 4324 5661 8884 8927 3239 3575 3865 4107 4441 4787 5140 5966 6564 8983 9064 7169 7651 8250 9917 9305
27 320 785 1366 1969 3284 5225 9467 1879 2245 2600 2954 3340 3832 4373 5691 6440 7938 9181 5445 5875 6307 6710 7171 7654 8258 9132 9316
2 321 1410
25 322 787 1274 1878 2734 3422 4339 7766 9448 2577 2966 3351 3912 4389 5206 6049 7437 9434 5487 5888 6336 6848 7353 7875 9102
27 323 822 1522 2983 3931 1323 1613 1944 2344 2712 3158 3810 5283 5932 7183 9307 4706 5089 5503 5941 6488 6891 7543 8354 9232 8653 9394
27 324 810 1425 2224 3500 5174 9196 1867 2250 2602 2977 3399 3917 4837 5549 6448 7946 9373 5491 5890 6316 6729 7176 7672 8281 8883 9325
27 325 1019 2755 9811 956 1346 1679 2024 2358 2728 3472 4534 5617 6958 8622 8501 4713 5100 5583 6226 6938 8388 9479 7640 8128 8671 9478
26 326 633 949 1264 1624 1889 2416 3600 4702 5148 6147 9936 3442 3855 4098 4376 4724 5105 5640 6332 6847 7767 8709 7642 8164 8793
27 327 1418 3346 4803 957 1326 1631 1943 2281 2694 3053 3413 4015 5467 6606 7977 9338 5086 5500 5892 6346 6832 7222 7701 8270 9444 9345
27 328 608 830 1079 1250 1391 1692 1981 2364 2733 3383 4148 5207 6496 7350 8765 4720 5107 5557 6103 6495 7099 7721 9945 8133 8737 9641
25 329 1247 3883 4841 961 1332 1593 1908 2260 2622 3011 3446 4001 5010 5800 6477 9358 5090 5539 5951 6393 6866 7368 7853 8498
27 330 674 979 1320 1682 2155 3175 3922 4996 7289 9210 3249 3583 3909 4314 4688 5098 5898 7519 9170 6327 6762 7194 7807 8294 8987 9347
27 331 804 1452 2238 4156 8921 6390 1883 2261 2612 3027 3452 4240 5272 7413 9076 4733 5116 5608 6184 6763 7302 7852 9565 8146 8682 9429
28 332 645 967 1371 1925 2475 3189 4180 5077 7235 9331 3257 3585 3930 4282 4625 5157 5807 7053 9222 5934 6669 7172 7643 8186 9136 9405 1900
26 333 824 1270 1881 2564 3529 5058 7131 9131 9034 2942 3263 3594 3952 4340 4810 5518 7491 8579 9041 6329 6711 7187 7659 8261 9153
26 334 834 1398 2211 3518 5273 9878 1888 2264 2700 3091 4402 5544 6959 8701 8468 4744 5154 5733 6372 7264 9672 7174 7679 8212 9175
25 335 829 1334 2133 3229 5631 9854 1910 2270 2645 3045 3448 4030 5321 6217 8320 8997 5112 5507 5917 6359 6864 7402 7886 8889
5 336 844 1544 2677 5501
4 337 845 1805 3985
27 338 786 1214 1915 2643 3571 5476 8185 9661 2589 2952 3315 3689 4513 5331 6330 7317 8275 8946 5881 6338 6739 7191 7680 8283 9442 9382
27 339 848 1354 2193 3335 4446 7111 9721 2275 2630 3052 3481 4381 5423 7051 9646 8561 5113 5510 5920 6374 6865 7262 7819 8314 9018 9401
27 340 860 1419 2196 3535 6997 9673 1913 2290 2670 3072 3483 4039 4514 5315 5940 6890 7955 9772 5885 6340 6784 7197 7689 8264 9837 9402
27 341 926 1962 3402 6494 8669 1605 1947 2309 2719 3074 3670 4576 5338 6621 8080 8398 5120 5511 5952 6416 6873 7549 8181 9233 8675 9406
27 342 692 1065 1493 1906 2342 3683 4399 5202 7138 9773 3270 3623 3992 4388 4902 5483 6144 7067 8240 8780 6694 7180 7648 8151 8798 9769
2 343 1558
27 344 858 1360 1940 3014 4320 8939 1949 2291 2648 3039 3406 3920 4478 5114 5989 7159 7833 9470 5902 6352 6805 7221 7749 8284 9882 9409
27 345 898 1823 3619 9203 1349 1700 2021 2396 2739 3246 4668 5839 7219 9486 4346 4749 5123 5630 6234 6655 7153 8912 8961 8149 8681 9466
27 346 861 1367 2312 3975 8582 9747 1955 2292 2710 3076 3804 4751 6015 9783 4387 4761 5124 5635 6298 7060 7895 9315 7662 8193 9139 4008
27 347 869 1473 2540 4268 9719 1609 1959 2304 2680 3065 3438 4051 5144 6046 8251 8409 5135 5579 6041 6513 7250 7893 9701 8155 8761 9845
27 348 695 1072 1533 2066 2807 3698 4408 5362 6481 8934 3276 3601 3875 4141 4477 4821 5171 5984 6532 7304 9634 7186 7663 8214 8799 9684
26 349 948 2134 9786 965 1352 1644 1979 2332 2721 3198 4306 5129 6209 7073 9597 4764 5155 5651 6376 7212 8733 9353 7665 8218 9183
27 350 744 1136 1610 2379 3275 3971 5294 9281 9013 2957 3319 3624 3999 4429 4974 5618 7559 9995 5948 6356 6809 7207 7750 8325 9774 9411
5 351 901 1570 2609 5370
27 352 714 1094 1687 2050 2865 4424 6241 9756 2603 2963 3317 3615 3940 4206 4564 4979 5577 6054 6671 7841 9240 7188 7666 8167 8800 9842
26 353 724 1078 1611 2028 2481 4134 5159 7410 8775 2967 3326 3646 3997 4357 4692 5220 5687 6395 7487 8944 6695 7190 7682 8225 9194
26 354 691 987 1383 1782 2162 2987 4061 4977 7303 9764 3281 3579 3866 4202 4485 4776 5163 5694 6382 8514 8764 7193 7691 8268 9213
27 355 728 1116 1535 2018 2744 3702 5434 7017 9600 2969 3356 3919 4526 5118 6355 7676 9660 5516 5962 6451 6897 7528 9828 8157 8747 9475
27 356 803 1329 1732 2435 3265 4649 6364 9304 8321 2972 3377 3926 5177 5897 7283 8183 9280 5517 5955 6357 6850 7363 7960 9400 8698 9412
27 357 771 1164 1657 2120 2879 4364 6073 8517 9146 2973 3325 3648 4002 4430 5132 5828 7836 8846 5954 6380 6868 7403 7974 9867 8699 9450
27 358 879 1514 2408 4319 9971 1625 1963 2314 2713 3078 3503 4239 5328 6300 7813 8386 5156 5576 5967 6519 6939 7461 8221 9143 8713 9464
27 359 827 1347 2013 2843 4069 9831 1968 2315 2715 3101 3523 4737 5613 6614 9189 4781 5158 5603 6114 6578 7322 8531 9490 8158 8766 9481
27 360 998 3458 8131 9690 1353 1627 1985 2319 2757 3382 3953 4943 5822 6700 7618 9204 5160 5610 6240 6679 7333 9578 8621 8173 8801 9657
26 361 813 1333 1954 2905 3863 5848 9977 2278 2605 2979 3372 3714 4258 4960 5542 6520 9807 5535 5957 6398 6814 7216 7697 8289 9152
27 362 900 1576 3069 4374 9573 1628 2011 2341 2749 3320 4447 5688 7409 9014 4404 4786 5176 5704 6385 7336 9125 8969 7668 8188 8820 9640
27 363 838 1362 2046 2908 4140 5790 9635 2293 2613 2989 3392 3841 4438 5505 6449 7983 9066 5540 5994 6562 6908 7497 8231 8544 8703 9452
8 365 732 1163 1623 2392 3343 4779 7713
27 366 801 1171 1621 2092 3254 3983 4905 6917 9067 2975 3338 3673 4009 4464 5106 5648 6768 9908 5971 6360 6742 7203 7693 8229 9015 6002
27 367 899 1479 2839 4158 9749 1630 1970 2320 2693 3123 3455 3935 4655 5726 6489 8095 9414 5541 5995 6581 7273 7854 8692 8176 8827 9815
26 369 733 1165 1632 2101 2759 4077 5485 7356 9217 2982 3364 3657 4012 4535 5136 5823 6624 8056 8985 6277 6718 7208 7712 8291 9224
27 370 815 1374 2252 3046 4790 7460 9120 2296 2626 2984 3394 3753 4217 4578 5164 6109 7776 9900 5990 6392 6871 7231 7757 8387 9012 9463
4 371 980 2203 4622
26 372 554 661 720 1175 1355 1660 2034 2390 2763 3890 5978 8612 8666 4109 4405 4792 5180 5851 6759 8255 9584 7198 7683 8190 8830
5 373 911 1497 2300 4241
26 374 698 1125 1618 1975 2792 3727 4418 5760 8308 9365 3294 3602 3949 4236 4651 5097 5655 6256 7981 9946 6724 7209 7715 8293 9205
27 375 567 697 839 1189 1429 1748 2039 2447 2858 4287 5162 5846 7391 8625 4409 4798 5188 5664 6414 6813 7728 8660 8881 8179 8715 9477
27 376 709 1004 1387 1690 2150 2403 2699 3087 3581 4294 4967 5942 6998 9958 4410 4800 5191 5852 6588 7306 9098 8746 7677 8187 8804 9817
26 377 736 1132 1650 2029 2795 3703 5413 6246 7772 8923 3311 3603 3958 4213 4561 4985 5639 6388 7495 9964 6735 7211 7724 8307 9335
27 378 711 1012 1394 1806 2428 3179 4463 5368 5973 9669 3329 3605 3970 4227 4498 4856 5249 5870 6637 7367 8975 7210 7685 8191 8843 9633
27 380 715 1029 1450 1853 2483 3166 4363 5591 6294 9384 3333 3632 3974 4343 4698 5490 6072 7523 9516 6361 6740 7226 7692 8220 8864 9645
27 381 646 969 1248 1590 1901 2336 2493 3131 4199 5242 5599 7112 9193 4071 4414 4782 5169 5658 6429 7233 9844 7224 7686 8228 8869 9836
27 382 740 1145 1486 1996 2510 3745 4729 6088 7899 8893 3307 3564 3885 4244 4654 4988 5350 6055 6651 7765 9662 7229 7687 8194 8901 9631
26 383 994 3021 7133 975 1365 1709 2062 2451 2860 4095 5048 6035 9527 4112 4481 4802 5259 5904 6469 6827 7771 8649 7690 8237 9150
27 385 814 1379 2094 2914 3853 5592 8019 8267 2635 2997 3373 3710 4033 4567 5181 6259 7959 9318 5996 6399 6880 7505 7969 9799 8708 9473
25 386 841 1237 1760 2503 3441 4883 6819 9351 2639 3007 3404 3939 4395 5119 5643 6826 8100 9502 6000 6407 6882 7266 7860 8335
26 387 754 1154 1538 2027 2579 3219 4269 5653 8770 8900 3334 3636 3981 4358 4845 5320 5840 7105 7589 9302 6741 7232 7726 8334 9395
27 388 793 1041 1567 1941 2199 2801 3177 3882 4610 5499 6715 8372 9200 4143 4421 4806 5170 5619 6201 6629 7137 7752 9724 8189 8739 9485
27 390 937 1614 3110 5020 4393 1634 2023 2345 2772 3485 4574 5580 7436 8613 4428 4794 5182 5584 6067 6602 7327 7890 9839 8198 8768 9505
27 391 1378 9776 713 977 1369 1710 2037 2398 2816 3668 4462 5246 6291 8278 8467 4742 5161 5554 6009 6566 6888 7510 8006 9366 8728 9487
27 392 1569 4023 700 984 1412 1715 2129 2413 2832 3726 4589 5749 7565 8623 4437 4807 5187 5622 6120 6609 6995 7923 9163 8203 8785 9947
27 393 913 1579 3588 9759 1363 1647 2025 2375 2756 3195 3538 4118 5081 5974 7307 8858 8574 5566 6013 6571 6940 7551 8241 9110 8736 9495
27 394 615 849 1160 1431 1772 2186 2419 3153 3941 4780 5623 7702 9580 4153 4491 4892 5262 5943 6545 7623 9230 7230 7698 8236 8806 9830
25 395 800 1224 1712 2529 3533 4904 8098 9398 2640 3031 3416 3856 4439 5612 6535 8130 9148 5572 6003 6402 6883 7394 7914 8512
27 396 716 1047 1572 1990 2331 3048 3868 6212 9827 8879 3345 3691 4014 4365 4874 5498 6551 7756 9149 6381 6747 7234 7755 8343 9939 9497
27 397 774 1253 1673 2146 2870 3898 5388 6664 8519 8885 3354 3663 4019 4440 4805 5309 5589 6957 8355 8828 6749 7245 7727 8344 9821 9503
2 398 1929
25 399 806 1265 1744 2624 3612 4820 6492 9638 8877 2986 3366 3669 4038 4442 5175 5680 6688 9903 6004 6409 6825 7267 7939 8478
27 400 640 922 1152 1297 1598 1771 2139 2414 2785 3332 3806 4797 5644 7184 9446 8442 5189 5593 6140 6617 7345 8643 8627 8204 8774 9511
3 401 1001 2627
27 402 776 1262 1678 2168 2970 4242 5855 7758 9168 2992 3370 3675 4043 4597 5186 5873 7826 9843 6012 6422 6885 7296 7944 8583 9135 9523
27 403 777 1073 1566 2003 2727 3280 4570 6465 9119 2999 3393 3722 4198 4631 5203 5946 7954 9428 6021 6426 6898 7507 7976 9941 8783 9537
26 404 882 1467 2253 3400 4951 7115 8907 2305 2651 3044 3428 3893 4237 4619 5195 5605 6254 7084 9426 8904 6752 7236 7710 8239 9270
27 405 812 1321 1987 2815 4185 5939 8414 7681 2641 3017 3418 3731 4055 4460 5255 6760 8092 9624 6023 6460 6920 7520 8394 8500 8784 9538
3 406 1510 4538
27 407 927 1581 2411 4865 9430 8169 1977 2330 2722 3130 3521 4026 4708 5438 6100 7338 9340 8974 6024 6476 6905 7305 7791 8359 8926 9514
27 409 657 1008 1395 1649 1989 2334 3023 3899 4563 5596 7896 9214 3891 4205 4532 4916 5292 6006 6471 7443 9904 7243 7729 8312 8988 9620
27 410 1003 3380 8569 989 1415 1774 2051 2431 2868 3884 4596 5657 6573 8311 8488 4758 5193 5670 6262 6811 7656 9728 8697 8207 8796 9546
27 411 955 1599 2449 4042 9525 1635 1986 2323 2652 3070 3447 3955 4954 5740 6933 8602 8460 5598 6026 6484 6926 7521 8039 9902 8731 9543
26 412 809 1298 1737 2472 3260 4257 5798 7335 9129 3005 3368 3666 3993 4247 4628 4992 5681 6077 6661 7775 8914 7246 7745 8244 9292
27 413 944 1633 3478 9391 1372 1640 2000 2343 2729 3152 3525 4492 5869 6702 8282 8634 5201 5715 6387 7168 8466 9320 7704 8219 8831 9561
27 414 850 1380 2098 3126 4490 8147 5037 2313 2642 3026 3421 3757 4218 4748 5707 6792 8145 9221 6029 6425 6886 7271 7754 8360 9718 9544
26 415 779 1075 1622 2010 2469 3240 4392 5003 5825 9332 3055 3555 3906 4249 4746 5326 6145 7126 9036 9261 6706 7248 7730 8257 8918
26 416 960 1482 2287 3712 5280 8171 9531 2316 2649 3062 3425 3772 4232 4621 5270 5938 6781 8180 9094 6404 6756 7253 7746 8266 9038
27 417 660 990 1271 1470 1741 1918 2420 2668 3716 4313 4760 5685 6914 8611 4455 4819 5208 5734 6490 7240 8358 8776 7709 8209 8786 9557
27 418 966 1585 2456 4091 8054 8163 1978 2333 2653 3075 3449 3913 4419 5776 7717 9212 5205 5601 6081 6605 6970 7531 8016 8665 8787 9549
27 419 656 942 1182 1309 1612 1842 2197 2553 3303 4551 5667 6177 7524 8572 4475 4815 5210 5862 6431 7470 9991 7249 7732 8263 8945 9752
25 420 885 1437 2064 3035 3903 9937 1984 2335 2654 3077 3473 3980 4505 5392 6278 7359 9223 8479 6034 6491 6909 7384 7904 8844
2 421 1009
27 422 775 1016 1402 1786 2222 2932 3357 4010 5024 6322 9253 3596 3910 4228 4497 4824 5308 5956 6478 7012 7736 8742 7711 8224 8791 9564
3 424 1020 6111
27 425 816 1130 1654 2195 2968 3797 5604 8123 9323 3008 3375 3685 4060 4614 5346 6892 8223 9798 6044 6410 6764 7256 7761 8288 9141 7463
