5 0 371 845 1651 5107
9 1 372 814 1393 2041 2781 3422 4916 7326
36 2 373 753 1069 1371 1721 2010 2372 2727 3319 3776 4233 5145 5776 6631 7289 7616 8117 9759 3511 3775 4122 4560 4942 5323 5739 6162 6331 7135 7328 7824 8144 8455 8666 9217 9931
31 3 374 818 1396 2067 2786 3444 5033 6301 9558 1125 1437 1670 1809 2048 2395 2762 3203 3637 3986 4383 4823 5259 5782 6026 6426 6841 7433 8230 8822 9938
42 4 375 690 980 1219 1516 1825 2076 2416 2743 3054 3463 3897 4328 4570 4868 5362 6023 6372 6831 7250 8075 8706 9652 4760 5149 5461 5829 6242 6519 6817 7317 7765 8215 8821 9280 9651 8315 8607 9104 9506 9806
42 5 376 802 1173 1584 2026 2344 2827 3282 3750 4403 5091 5702 6408 6916 7810 8893 9535 3233 3551 3899 4214 4607 4983 5348 5670 6163 6523 7190 7336 7753 8159 8482 8963 9256 9959 4119 8372 8730 9117 9470 9787
39 6 378 869 1690 2367 4131 9860 654 773 1040 1410 1558 1923 2057 2301 2433 2961 3313 3670 4218 4779 5202 5590 6050 6526 6863 7283 7710 8452 9206 9171 6497 6959 7384 7742 8162 8634 9107 9491
7 7 390 870 1665 2406 3517 6090
40 8 396 936 1738 2296 3634 4331 6479 804 1060 1417 1597 1855 2058 2313 2846 3166 3315 3839 4294 4748 5075 5594 6079 6628 6760 7027 7573 8403 8930 9911 5919 6891 7222 7581 8083 8613 8937 9356 9571
33 9 379 812 1246 1619 2127 2628 3206 3526 4000 4681 5294 6002 6495 7951 8487 9916 2996 3247 3618 3951 4358 4799 5183 5490 6252 6719 7112 7586 8095 8498 8972 9674
8 10 399 843 1464 2099 2809 3504 5823
3 11 411 1445
4 12 419 1199 7264
39 13 377 523 656 1014 1051 1241 1515 1612 1750 1944 2281 2689 2909 3055 3453 3798 3893 4420 4633 5114 5531 5810 6417 6734 7241 7640 7874 8600 9245 9516 6543 6931 7329 7724 8193 8651 8968 9437
12 14 381 821 1374 1951 2498 3057 3931 4714 5779 6806 8395
47 15 380 734 1011 1329 1618 1933 2121 2576 2800 3108 3512 4164 4534 4763 5061 5625 6095 6805 7452 7933 8188 8818 9201 4801 5156 5516 5910 6113 6444 6746 7239 7467 7915 8349 8638 9093 9375 9976 2223 8424 9282 9960 9014 6261 3039 6599
36 16 382 815 1195 1623 2045 2515 2861 3497 3862 4409 5101 5985 6447 8011 8585 9293 2584 3236 3628 3878 4217 4622 5020 5307 5619 6036 6274 6550 7045 7450 7802 8296 8686 9261 9800
31 17 401 823 1375 1958 2510 3083 3956 4923 6133 7348 9932 820 1660 2005 2384 2746 3091 3556 3882 4243 4720 5281 5800 6147 6540 6977 7437 8016 8674 9230
39 18 415 852 1484 2480 6051 9154 586 816 1196 1421 1659 1994 2238 2322 2917 3086 3330 3817 4266 4599 5093 5622 6104 6649 6853 7168 7797 8570 9275 9432 6557 6970 7416 7769 8281 8673 9186 9531
11 19 410 826 1404 2088 2516 3218 3957 4963 6279 7917
7 20 427 937 1503 2494 3748 6172
34 21 384 777 1103 1451 1832 2224 2425 3056 3485 3843 4308 5180 5996 6818 7738 8916 8810 3240 3630 3921 4311 4629 5051 5351 5637 6186 6630 7195 7596 8038 8597 9098 9893
41 22 386 827 1318 1841 2427 2927 3649 4291 4841 5667 6737 7978 9607 8784 2381 2736 3036 3443 3830 4185 4457 4864 5189 5793 6287 6674 7056 7388 7809 8254 8713 9119 9830 7566 8026 8503 8733 9076 9322 9773
46 23 383 739 1020 1233 1564 1915 2080 2617 2939 3180 3599 4106 4541 4787 4991 5641 6107 6855 7567 7987 8742 9686 9004 4830 5185 5534 5940 6280 6551 6902 7338 7835 8224 8824 9228 9919 8394 8903 9251 9592 9966 4611 9925 5266 2922
3 24 447 1289
6 25 426 950 1653 2497 6148
20 26 385 778 1085 1418 1726 2185 2387 2740 3325 3822 4253 5172 5785 6355 6579 7128 7523 8219 9863
43 27 387 782 1135 1457 1840 2231 2660 3162 3539 3900 4528 5184 6022 6828 7858 8895 9353 3288 3640 3953 4377 4831 5238 5894 6399 6772 7171 7733 8196 8866 9509 9297 7229 7606 7946 8356 8829 9115 9489 9963 8544 9764
40 28 423 828 1428 2119 2807 3381 4097 5674 9941 1130 1364 1675 2013 2218 2429 2770 3281 3604 3887 4262 4665 4921 5480 5905 6406 6836 7114 7656 8129 8519 9487 9717 3440 7609 8052 8663 8954 9302 9585
39 29 439 951 1522 2504 4171 9577 671 839 1205 1422 1644 1969 2138 2298 2435 2983 3336 3797 4127 4565 4906 5332 5808 6156 6439 6991 7438 8023 8271 9016 9779 6845 7235 7611 8120 8679 9133 9554
32 30 388 829 1284 1755 2240 2824 3426 3948 4531 5196 5747 6881 7885 9383 1826 2672 3025 3316 3707 4082 4387 4874 5235 5508 6310 6728 7104 7557 8158 8804 9676
30 31 448 953 1773 2518 7527 570 698 1067 1278 1429 1715 2018 2242 2331 2680 3130 3362 3825 4284 4713 5122 5642 6124 6678 6875 7550 7940 8676 9369
40 32 398 840 1252 1722 2340 2962 3653 4590 5374 6217 6969 8631 9555 2042 2401 2771 3299 3648 3908 4293 4869 5282 5817 6044 6414 6904 7212 7737 8304 9083 9758 6897 7358 7636 8204 8681 8957 9439 9954
18 33 391 781 1137 1496 1876 2245 2447 3088 3549 3915 4285 5190 5981 6713 7396 8516 9774
35 34 392 798 1097 1452 1830 2193 2432 2945 3378 3916 4333 5217 6040 6761 7463 8953 9134 3256 3632 3856 4238 4636 5052 5353 5748 6230 6824 7209 7400 8035 8371 8864 9290 9757
41 35 394 799 1142 1535 1886 2299 2690 3244 3550 3935 4558 5243 5873 6659 7332 7788 9320 8174 3562 3911 4239 4655 5058 5376 5760 6236 6708 7243 7531 8066 8601 9122 9507 9588 7633 8184 8447 8919 9286 9640
39 36 400 790 1092 1389 1698 1952 2342 2741 3047 3805 4010 4202 4618 4987 5111 5807 6144 7224 7619 8510 9032 9176 4473 4922 5195 5462 5668 6102 6481 6779 7299 7598 8001 8389 8680 9126 9420 9910
5 37 451 966 1778 2980
18 38 403 805 1145 1517 1906 2307 2754 3245 3597 4283 5019 5300 6053 6832 7411 8081 9613
32 39 406 830 1224 1625 2172 2773 3438 3998 4571 5231 5926 7002 7903 9071 2396 2747 3114 3558 3905 4263 4527 4888 5329 5913 6418 6846 7307 7750 8310 8921 9701
39 40 393 745 996 1194 1519 1837 2052 2370 2761 3152 3616 3961 4438 4596 4924 5431 5697 6349 6880 7454 8014 8632 9602 3766 5147 5467 5669 6030 6374 6677 7086 7464 7878 8264 8641 8874 9317 9921
8 41 467 1001 1791 2582 3006 4539 6491
7 44 453 1010 1533 2386 3021 5453
46 45 395 534 810 1036 1124 1283 1521 1802 2303 2538 2725 2935 3020 3360 3622 3812 4199 4839 5026 5493 5957 6336 6682 7403 7819 8275 9859 9026 5952 6294 6699 7026 7436 7952 8320 8718 9182 9619 9989 9284 9688 9435 9180 6430 2921
10 46 433 856 1449 1975 2616 3101 4111 5690 7364
3 47 470 2107
40 48 407 834 1231 1702 2180 2856 3447 4020 4811 5491 6435 7654 9768 1965 2399 2752 3118 3537 3854 4193 4483 4898 5420 5974 6448 6968 7447 8303 8825 9944 5014 6980 7380 7744 8234 8697 8966 9329 9599
42 49 397 703 964 1242 1589 1934 2235 2632 2970 3211 3639 4191 4604 5034 5469 6067 6536 7301 7754 8606 9034 9205 4052 4944 5244 5706 6099 6369 6744 6978 7671 7876 8245 8832 9057 9372 9545 8644 9136 9460 9743
10 50 441 859 1474 2105 2789 3279 4235 5473 6835
17 51 412 831 1171 1536 1931 2402 2871 3509 3864 4426 5158 6011 6415 6972 8305 9869
12 52 424 847 1296 1814 2360 2976 3668 4674 5635 6865 8629
37 53 402 760 1007 1256 1630 1919 2092 2589 2817 3175 3495 3978 4482 4752 5060 5444 5754 6514 7137 7469 8065 8427 8838 9399 4768 5354 5595 5903 6250 6681 7087 7513 8150 8511 8943 9497
41 54 414 842 1286 1729 2222 2865 3478 4042 4688 5344 5849 7008 7921 9723 2414 2713 3027 3322 3744 4093 4394 4745 5176 5434 5879 6651 7059 7340 7620 8142 8621 9140 9421 7613 8073 8400 8745 9079 9428 9825
33 55 418 853 1324 1827 2374 2883 3510 4228 4820 5678 6633 7537 9109 8640 2418 2755 3050 3411 3836 4137 4452 4880 5277 5659 6263 6672 6954 7370 7701 8149 8630 9169
41 56 438 857 1470 1981 2514 3092 3697 4775 6038 6898 9204 8151 1764 2069 2430 2768 3186 3541 3858 4194 4500 4929 5297 5951 6354 6693 7118 7588 7948 8362 8732 9209 9630 4115 7855 8366 8592 9039 9382 9761
39 57 440 860 1540 2215 3048 4964 5638 846 1285 1465 1760 2096 2247 2525 2947 3228 3392 3846 4295 4749 5132 5643 6249 6695 6900 7646 7971 8785 9313 9195 6578 6992 7394 7773 8365 8741 9240 9658
7 58 442 882 1550 2249 3071 4678
41 59 428 838 1221 1611 2029 2460 2898 3296 3874 4427 4651 5316 6076 6833 7617 9023 9953 3265 3643 3987 4386 4677 5079 5390 5769 6329 6914 7267 7740 8255 8759 9264 9734 5835 7828 8207 8710 8969 9304 9636
39 60 408 704 1004 1245 1411 1603 1883 2230 2513 2651 2897 3241 3695 3983 4351 4477 4845 5076 5394 5573 6045 6505 6685 7098 7627 8091 8521 9965 5955 6152 6640 7042 7442 7845 8368 8737 9172 9660
40 61 404 678 941 1248 1622 1889 2116 2408 2790 3010 3377 3692 4072 4378 4800 5154 5357 5733 5931 6247 6894 7420 7913 8359 8951 9364 9379 5798 5967 6482 6925 7109 7482 7865 8375 8790 9183 9533 9990
38 62 409 822 1102 1458 1866 2206 2445 3068 3408 3852 4269 5203 5663 5735 6420 6858 7583 8306 8736 9620 4077 4349 4754 4996 5237 5553 5855 6177 6485 6816 7347 7768 8154 8469 8794 9173 9821
40 63 4329 42 553 915 1037 1148 1197 1448 1588 1639 1917 2161 2542 2931 3146 3454 3795 3926 4343 4829 5220 5646 5982 6334 6725 7040 7624 8457 9137 9875 6597 7011 7449 7798 8237 8711 8970 9456 9892
12 64 444 864 1328 1874 2505 3120 4058 4791 6061 7460 9741
40 65 491 1027 1793 3595 9478 295 666 862 1062 1491 1560 1758 2049 2221 2439 2774 3340 3742 4047 4582 5080 5606 5842 6226 6607 7079 7632 8473 9298 9746 6229 6982 7343 7638 8130 8693 8991 9407 9936
40 66 454 867 1331 1857 2376 2990 3710 4380 5432 6235 7315 9527 8548 2085 2450 2797 3341 3675 3989 4374 4873 5290 5820 6175 6453 7081 7476 8054 8856 9801 6392 7006 7395 7689 8118 8699 8936 9241 9665
46 68 413 844 1225 1640 2112 2641 3223 3591 4036 4705 5582 6013 6503 7856 8501 9987 389 3324 3659 4034 4391 4730 5125 5396 5802 6344 6918 7282 7785 8094 8650 9024 9424 9876 2717 7995 8472 8927 9236 9606 9984 2870 9189 6198 2758
39 69 421 684 949 1160 1368 1610 2055 2325 2705 2977 3393 3723 4112 4610 5001 5212 5495 5778 6333 6608 7293 8102 8449 9167 9472 5370 5608 5889 6151 6493 6973 7177 7607 8012 8442 8793 9308 9889
16 70 430 866 1240 1652 2131 2473 2932 3538 4121 4721 5615 6059 6573 8070 9100
42 71 449 875 1332 1843 2363 2896 3614 4271 4840 5526 6397 7174 8132 8743 2417 2756 3122 3573 3871 4205 4521 4900 5314 5963 6367 6780 7130 7757 8190 8529 9103 9595 7297 7694 8250 8727 9235 9461 9864 9288 9747
9 72 455 891 1486 2123 2814 3472 4419 5987
42 73 425 789 1039 1290 1647 1908 2124 2465 2811 3061 3461 3896 4113 4623 4893 5236 5415 5853 6381 6641 7269 8163 8716 9348 9318 5383 5675 6092 6382 6753 7149 7526 8182 8477 8894 9247 9993 3183 8709 9447 9756
37 74 431 833 1126 1461 1894 2219 2485 3004 3419 3880 4133 4513 4863 5283 5892 6370 6926 7512 8192 8777 9524 3491 4581 4951 5247 5566 5945 6304 6616 6866 7356 7869 8206 8617 8976 9628
2 75 592
32 76 458 876 1443 1878 2533 3014 3717 4346 4872 5844 6842 8470 9544 2086 2442 2767 3164 3587 3912 4264 4579 4941 5488 6018 6450 6895 7378 7803 8313 8984 9985
7 77 480 990 1559 2528 3107 5666
39 78 405 554 854 1049 1236 1414 1767 2175 2509 2656 3121 3246 3759 4011 4277 4676 4970 5399 5977 6525 7302 7657 8408 9063 9608 4523 5552 5801 5973 6623 6936 7084 7485 7974 8381 8812 9289 9733
3 79 496 2084
35 80 437 855 1146 1530 1918 2319 2941 3252 3736 4029 4569 5305 6077 6920 7930 9398 8522 3333 3682 4050 4393 4795 5157 5401 5822 6364 6927 7377 7838 8115 8675 9091 9344 9616
21 81 435 793 1074 1309 1709 1920 2348 2753 3359 3824 4187 4439 4711 5620 5902 6636 7139 7602 8554 9805
39 82 443 740 1009 1253 1532 1849 2062 2389 2818 3011 3390 3700 3941 4213 4421 4737 5187 5419 5773 6083 6469 7051 7446 7904 8382 9306 9879 3592 5984 6635 6961 7161 7519 7957 8410 8828 9267 9737
9 83 459 889 1509 2143 2829 3529 4821 7010
11 84 461 880 1518 2054 2716 3305 4135 5204 6730 9307
2 85 3227
46 86 463 885 1372 1900 2383 3015 3734 4561 5489 6240 7655 9995 691 2090 2459 2775 3205 3647 4031 4272 4728 5249 5689 6024 6457 6873 7184 7758 8210 8757 9528 9419 6950 7639 8080 8431 8778 9095 9537 9907 9340 9890 3353 7138 2995
17 87 452 858 1147 1482 1927 2290 2700 3263 3566 3964 4563 5319 6086 6921 8077 9463
9 88 486 940 1601 2273 2879 3876 5211 9600
39 89 422 706 970 1222 1420 1620 2061 2243 2522 2808 2913 3127 3464 4128 4317 4750 5199 5422 5980 6199 6896 7226 7548 8071 8474 9536 8748 5837 6001 6214 6664 7060 7528 7980 8417 8831 9272 9495
39 90 416 659 879 1133 1340 1657 1836 2176 2547 2826 3124 3368 3942 4276 4414 4756 5239 5464 5986 6314 6934 7530 8411 8853 9550 5472 5696 6237 6520 6766 7185 7538 7896 8377 8700 9203 9376 9970
34 91 465 861 1170 1552 1941 2420 2958 3561 4155 4733 5342 6136 6654 7478 8484 9828 2851 3339 3679 4006 4395 4885 5322 5906 6318 6707 6999 7404 7860 8279 8762 9196 9483
32 93 468 863 1249 1567 1950 2333 2974 3342 3787 4449 5120 5665 6324 6929 8165 9080 8749 3350 3755 4096 4454 4889 5350 5998 6368 6809 7146 7763 8200 8758 9534
39 94 417 663 971 1238 1433 1679 2068 2397 2720 3065 3446 3747 4139 4549 4838 5081 5331 5617 6020 6549 7170 7565 7954 8428 9108 9062 5613 5908 6258 6748 6995 7249 7637 8050 8463 8840 9442 9973
30 95 469 892 1607 2431 2901 3554 4977 7162 9410 1048 1377 1700 2036 2279 2468 2782 3326 3654 4040 4401 4892 5352 5833 6228 6462 7093 7783 8524 9373
11 96 471 890 1362 1912 2405 3138 4254 5836 6537 7820
30 97 485 1015 1638 2456 2936 4184 6588 8909 929 1271 1531 1745 2051 2144 2489 3018 3364 3849 4382 4813 5270 5648 6288 6736 7325 7685 8181 8806 9402
2 98 647
9 99 478 894 1543 2170 2850 3555 5065 7207
30 100 488 897 1447 1930 2537 3148 3970 4881 6173 7722 9770 1572 1816 2140 2479 2794 3379 3879 4578 4851 5299 5730 6146 6466 6938 7127 7825 8612 9479
10 101 481 898 1527 1957 2567 3161 4256 5227 7021
40 102 429 676 979 1165 1342 1707 1839 2183 2590 2857 3131 3356 3456 3543 3778 4045 4288 4761 5095 5378 5539 5825 6443 6775 7041 7716 8354 8998 9744 3016 6423 6956 7337 7695 8261 8701 8992 9467 9745
5 103 503 1099 2149 6575
7 104 497 1022 1672 2493 2952 4275
7 105 501 1079 1678 2530 3375 5921
36 106 472 865 1188 1494 1973 2521 2988 3337 3738 4007 4620 5341 6103 6769 7453 7705 9099 9170 3581 3929 4166 4503 4802 5109 5251 5714 6105 6389 6764 7455 7815 8214 8691 9233 9824
41 107 475 884 1265 1733 2277 2875 3483 3910 4366 4961 5787 7029 7729 8187 9968 2038 2993 3361 3656 4046 4408 4788 5163 5406 5838 6385 6989 7334 7830 8185 8761 9197 9810 3516 7662 8364 8543 9042 9378 9702
38 108 432 721 1012 1259 1643 1861 2120 2495 2833 3132 3477 3786 4146 4645 5003 5246 5636 6193 6383 7057 7303 8252 8929 9486 5160 5475 5740 6003 6363 6767 7158 7605 8022 8441 8723 9254 9529
39 109 483 913 1343 1859 2392 2964 3661 4384 5507 6269 6952 9918 1817 2141 2499 3037 3388 3743 4153 4612 5135 5652 6078 6353 6939 7208 7826 8580 9319 9693 6603 7014 7458 7867 8277 8726 9184 9675
11 110 490 921 1381 1953 2434 3098 3758 4832 6142 7534
32 111 492 887 1291 1748 2347 2905 3527 4297 4895 5859 6722 7593 9991 2091 2469 2801 3225 3619 3904 4247 4559 4945 5550 6025 6429 6829 7199 7778 8217 9017 9730
11 112 495 932 1538 2093 2571 3168 3840 4866 6480 7756
7 113 509 1071 1697 2561 3386 6207
4 114 511 1363 3232
39 115 494 904 1334 1922 2356 2978 3559 4287 4666 5398 6496 7424 9748 2145 2519 2838 3398 3791 4168 4658 5108 5662 6106 6512 6957 7749 8467 9259 9682 6154 6778 7151 7621 8006 8478 8848 9314 9883
40 116 500 935 1355 1966 2454 3111 3760 4592 5591 6639 8167 9802 8771 2146 2472 2815 3238 3625 3984 4289 4638 4990 5661 6060 6483 6998 7500 8034 8367 9085 9901 7015 7421 7864 8273 8714 9027 9477 9943
32 117 505 905 1335 1775 2377 2987 3687 4337 4913 5928 6955 8683 9330 1808 2482 2840 3272 3651 3934 4292 4732 5289 5830 6063 6484 7012 7238 7779 8221 8837 9567
11 118 506 942 1576 2094 2572 3207 3958 4897 6179 7887
5 119 518 1177 2254 5255
2 120 519
30 122 517 1105 1727 2532 2956 4625 6065 7555 934 1143 1424 1704 1818 2147 2531 2853 3402 3955 4376 4862 5356 5731 6180 6689 6958 7398 8021 8863 9603
3 124 582 4087
30 125 507 912 1356 1974 2491 3157 3779 4600 5618 6320 6974 9192 8387 2152 2506 2868 3407 3975 4402 4918 5373 5741 6326 6739 6964 7582 8048 8881 9605
3 126 531 2388
4 127 537 1635 2451
42 128 434 738 1028 1269 1668 1935 2314 2645 2981 3287 3895 4244 4493 4812 5078 5602 6118 6886 7562 7895 8323 9865 8772 4949 5197 5476 5751 6150 6410 6794 7327 7840 8211 8493 8877 9332 9952 8579 9166 9492 9930
9 129 520 948 1594 2189 2895 3530 4978 6906
42 130 456 794 1081 1349 1708 1948 2354 2657 2982 3301 3927 4261 4649 5094 5788 6108 6840 7490 8520 9576 8940 4392 4765 5031 5258 5705 5990 6341 6686 6979 7680 7955 8253 8844 9287 9664 8453 8669 9243 9568 9797
32 131 508 944 1388 1982 2437 2991 3729 4381 4947 5948 6821 7697 9296 8744 2496 2769 3139 3610 3847 4221 4465 4931 5366 5904 6378 6811 7233 7795 8226 8847 9626
20 132 484 841 1082 1395 1742 1962 2369 2757 3376 3885 4301 4731 5364 5992 6548 6899 7520 8343 8846
41 133 512 903 1336 1656 2164 2580 3000 3564 3924 4462 5085 5575 6260 6943 7508 8559 9950 3367 3757 4104 4472 4938 5293 5687 6357 6705 6997 7429 7846 8329 8780 9276 9355 7642 8125 8399 8781 9052 9384 9772
42 134 499 848 1083 1360 1723 1960 2316 2666 3067 3574 3960 4299 4653 4886 5164 5979 6122 7017 7600 7998 9065 9819 4634 4989 5206 5537 5895 6278 6554 6826 7369 7916 8238 8602 9012 9502 9857 8698 9213 9584 9933
41 135 510 877 1272 1613 2047 2592 3012 3593 4176 4741 5795 6169 7156 8024 9094 9164 3044 3373 3764 4084 4478 4953 5278 5523 6037 6763 7150 7623 7953 8422 8860 9323 9411 7704 8134 8566 8841 9120 9484 9777
40 136 542 963 1546 1995 2559 3196 3796 4680 5621 6498 7066 8715 8959 2156 2512 2841 3266 3644 4003 4306 4652 5035 5440 6082 6471 6996 7265 7834 8321 9144 9867 3922 7256 7708 8143 8624 9033 9258 9803
6 137 556 1106 1864 3116 6627
39 138 436 548 874 1053 1239 1293 1542 1821 2233 2552 2735 2928 3174 3488 3685 3974 4332 4883 5447 5614 5816 6527 6691 7547 8059 8430 9468 9578 5777 6257 6610 7120 7481 7976 8418 8746 9223 9583
8 139 543 978 1615 2291 2957 3570 6202
16 140 514 923 1379 1844 2361 2934 3498 3996 4450 5261 5805 6203 7731 8105 9152
41 141 521 895 1338 1757 2366 3002 3542 4108 4584 5391 5809 6358 7789 8270 9731 2652 3051 3380 3851 4183 4487 4958 5413 5983 6434 6878 7258 7692 8168 8599 9262 9570 7313 7720 8166 8481 8872 9139 9549 9856
4 142 561 1185 2436
41 143 522 917 1341 1684 2192 2676 3115 3626 4265 4783 5337 6181 7090 8060 8928 9579 3064 3391 3881 4231 4524 4997 5429 5964 6449 6882 7157 7612 7919 8338 8882 9292 9794 3448 7901 8383 8654 8952 9352 9669
38 144 460 768 1055 1243 1440 1725 2001 2286 2610 2878 3303 3753 4207 4693 4946 5272 5655 5920 6468 7198 7391 8287 8852 9691 4189 5492 5794 6032 6504 6822 7286 7406 7891 8423 8687 9153 9562
6 145 655 1235 1868 3143 4901
40 146 566 1115 1634 2268 2915 3540 4635 6135 7215 9343 1386 1573 1835 2168 2536 3100 3431 3981 4617 5006 5443 5737 6111 6376 6758 7103 7732 8496 9000 9711 6668 7031 7475 7752 8282 8751 9055 9485 9975
21 147 513 800 1089 1405 1744 1968 2424 2739 3073 3576 4035 4357 4725 5271 5933 6391 7055 7666 8527 9633
40 148 562 959 1455 1989 2483 3081 3816 4940 6390 7471 9982 1574 1788 2169 2535 2873 3297 3678 4062 4431 4882 5291 5766 6114 6502 7013 7499 7881 8396 9162 9928 7030 7397 7890 8421 8754 9238 9622 9986
5 149 573 1136 1911 5885
11 150 524 945 1475 1997 2618 3197 3962 4956 6625 8636
6 151 574 1150 1851 2565 3810
39 152 446 667 906 1123 1257 1300 1689 1882 2179 2318 2654 2799 2943 3058 3434 3635 3923 4551 5104 5409 5541 5884 6343 6759 6967 7373 7959 8656 9234 9532 6638 7096 7402 7894 8439 8756 9310 9781
12 153 535 983 1580 2095 2627 3226 4257 4962 6546 7907 9700
46 154 575 1184 1928 2585 3080 4747 6216 9697 993 1312 1556 1772 1964 2201 2541 3156 3481 3794 4223 4667 5152 5695 6119 6384 6768 7133 7762 8662 9271 9530 6669 7115 7516 7985 8445 8766 9121 9565 9955 8849 9446 7782 9141 6096 8232
4 155 578 1212 2288
30 156 445 482 596 687 1066 1175 1267 1462 1604 1674 1865 2136 2266 2601 2989 3229 3484 3982 4379 4825 5219 5716 5943 6323 6807 7141 7963 8664 9574
35 157 533 938 1346 1710 2208 2688 3093 3658 4024 4463 5140 5445 6248 7050 8582 9705 3075 3383 3694 4126 4486 4809 5223 5496 5843 6412 7000 7432 7877 8248 8384 8883 9299 9666
37 158 489 771 1064 1301 1680 1899 2122 2520 2893 3344 3641 4305 4686 5421 5961 6679 7073 7714 8535 9713 9082 4397 4766 5069 5263 5574 5949 6292 6566 6859 7379 7927 8258 8857 9072 9655
46 159 450 779 931 1198 1344 1730 2071 2373 2643 2998 3321 3801 4148 4340 4843 5174 5389 5799 6087 6558 6937 7686 8136 8905 9789 5465 5673 5917 6402 6790 7144 7381 7870 8201 8488 8876 9499 9994 9054 9538 9820 7674 9159 4904 2734
7 160 581 1211 1946 2587 3531 5738
33 161 527 909 1294 1504 1977 2321 2997 3357 3793 4445 4729 5380 6293 7094 7791 8660 9912 3187 3611 3937 4279 4697 5126 5424 5772 6296 7032 7443 7884 8341 8908 9387
31 162 587 1255 1739 2611 4300 8392 660 994 1247 1499 1600 1961 2101 2334 2613 3158 3487 3813 4064 4440 4914 5417 5839 6282 6594 7129 7510 8198 8800 9386
36 163 525 868 1128 1467 1771 2077 2462 3013 3432 3945 4330 4876 5414 5995 6455 6694 7252 7717 8567 9766 4071 4433 4773 5112 5298 5726 6016 6393 6919 7462 7816 8284 8721 9250 9844
36 164 529 914 1351 1720 2259 2665 3017 3617 3980 4484 5155 5571 6339 7106 8416 9927 1111 3216 3665 3972 4318 4710 5066 5318 5682 5857 6112 6419 7105 7472 7925 8413 8722 9279 9902
10 165 579 1005 1626 2275 2737 3349 4339 5240 7368
6 166 637 1268 1990 2659 5517
23 167 530 871 1096 1419 1747 1972 2404 2671 3102 3650 3971 4310 4609 4826 5099 6019 6642 7263 7658 8179 8802 9924
35 168 532 872 1144 1483 1761 2114 2464 2798 3473 3965 4675 5358 6139 6797 7517 7807 9148 9342 3681 4067 4400 4716 5102 5368 5742 6300 6675 7097 7407 7771 8335 8512 9008 9547
32 169 536 967 1384 1979 2421 3066 3727 4411 4954 5960 6947 8268 9615 2163 2526 2906 3267 3669 4004 4334 4774 5309 5694 6085 6486 6892 7271 7836 8333 9070 9726
38 170 462 784 1098 1307 1545 1852 2100 2412 2825 3094 3502 3828 4120 4312 4488 4814 5242 5554 6054 6571 6984 7444 8342 8922 9433 4935 5645 5934 6407 6815 7176 7488 7944 8458 8912 9260 9575
41 171 538 976 1394 1945 2438 3022 3586 4038 4593 4905 5813 6360 7223 8236 9971 2711 3099 3396 3845 4181 4514 4828 5253 5502 5976 6472 7036 7275 7645 8106 8337 8639 9010 9334 9769 8090 8468 8934 9385 9751
2 172 694
39 173 539 920 1366 1803 2443 3084 3800 4412 5092 5970 7178 9882 9161 2186 2555 2908 3420 3683 4095 4435 4952 5428 5840 6208 6545 7143 7628 8113 8817 9981 6671 7173 7543 7992 8462 8873 9324 9798
36 174 545 907 1176 1498 1856 2151 2466 2972 3552 3967 4508 5328 5792 6541 6911 7342 7713 8695 9978 3590 4170 4650 4917 5117 5416 5744 6128 6446 6854 7468 7703 8013 8260 8861 9311
39 175 457 665 896 1059 1220 1373 1593 1888 2064 2415 2760 2946 3284 3629 3807 4098 4368 4855 5214 5479 5567 5899 6476 6777 7504 7814 8557 9449 9663 6197 6683 7183 7552 7986 8494 8897 9338 9870
46 176 607 1061 1629 2349 3159 3808 5208 9403 962 1187 1425 1712 1860 2195 2569 2918 3427 3724 4055 4443 5000 5438 5909 6321 6629 7155 7570 8107 8608 9237 9471 7047 7439 7922 8324 8765 9147 9494 9974 9328 9727 7643 9392 9191 2635
20 177 546 911 1244 1507 2006 2226 2568 3085 3569 3969 4626 5264 5814 6281 6799 7287 7644 8515 9112
11 178 549 988 1481 2046 2691 3274 3985 5021 6587 7774
9 179 614 1017 1655 2371 2968 3829 4690 7234
46 180 591 1008 1438 2002 2476 3023 3688 4150 4608 5459 5870 7089 7801 8290 9900 2765 3119 3385 3735 4144 4495 4950 5274 5510 6084 6666 7039 7459 7962 8348 8926 9312 9716 7576 8121 8386 8797 9123 9590 9899 9321 9814 8172 5959 2440
31 181 617 1270 1954 2630 5723 7641 724 1035 1325 1575 1854 2158 2477 2788 3078 3273 3721 4081 4723 5191 5519 5746 6170 6621 6877 7181 7578 8199 8868 9396
38 182 479 780 1016 1203 1485 1871 2078 2426 2780 3095 3514 3888 4230 4434 5013 5340 5708 6035 6529 6700 7434 8229 8531 9061 9680 5500 5721 6117 6445 6844 7349 7866 8235 8483 8917 9368 9979
46 183 583 992 1432 2063 2626 3289 4268 5042 6843 7936 8964 1587 1824 2202 2554 2777 3126 3405 3917 4251 4545 5012 5382 6033 6454 6908 7276 7853 8175 8614 9553 9564 6808 7735 8128 8415 8875 9129 9625 9937 9561 7245 8858 6130 3117
37 184 550 878 1163 1436 1774 2220 2475 2821 3567 3820 4070 4372 4770 5494 6031 6477 7169 7498 8088 8685 9069 9450 4661 4980 5209 5511 5881 6275 6580 6990 7392 7931 8289 8628 9029 9677
33 185 557 955 1400 1940 2455 3053 3521 3995 4505 4884 5864 6305 7817 8298 9474 2766 3128 3410 3898 4192 4530 4969 5296 5570 5900 6606 7068 7509 8109 8475 8975 9427
30 186 616 1263 1801 2481 3059 4712 5269 6576 8465 1204 1468 1746 1862 2212 2574 3167 3490 4002 4423 4943 5477 5790 6302 6712 7003 7314 8086 8704 9541
46 189 559 958 1376 1732 2118 2596 3052 3673 4210 4790 5408 6201 6532 7968 8986 9045 3076 3442 3949 4273 4562 5023 5501 6098 6508 7018 7385 7889 8420 9239 8996 7132 7448 7929 8327 8798 9315 9648 9909 8786 9594 9861 8854 8450 2368
46 190 560 916 1308 1571 2043 2327 2792 3248 3600 4022 4755 5381 6209 6782 7457 7711 8241 9143 9637 3827 4259 4715 5082 5433 5784 6215 6473 7024 7304 7473 7935 8507 8775 9367 9845 7653 8407 8835 9361 9632 9951 9858 5876 5634 2234
48 191 487 785 1042 1258 1549 1872 2148 2577 2903 3220 3525 4027 4509 4704 5038 5458 6131 7034 7594 7892 8169 8811 9503 4852 5213 5545 5968 6322 6618 6994 7592 7993 8309 8668 9035 9482 9812 5254 9155 9443 9791 1566 8598 3660 2446 5679 1666
6 192 677 1295 1991 2623 4347
11 193 588 1006 1463 2065 2703 3308 4345 5284 7049 8799
17 194 564 918 1353 1606 2070 2598 3077 3365 3933 4485 5234 5677 6533 7166 8658 9687
8 195 621 1288 1916 2556 3188 4789 6614
30 196 696 1298 2894 4659 306 625 726 1113 1380 1677 1998 2194 2562 2919 3105 3277 3515 4092 4425 4925 5230 5758 6204 6617 6946 7225 8098 8735 9649
9 197 634 1119 1705 2306 2969 3857 4871 6405
31 198 580 981 1383 1632 2087 2602 3097 3676 4209 4850 5515 6222 6660 7107 8731 9947 3104 3455 3997 4315 4575 5028 5509 6115 6544 7033 7514 7932 8429 9294
41 199 567 922 1358 1616 2110 2379 2839 3261 3638 3976 4464 4854 5165 5684 6116 6723 7197 7734 8672 9661 4065 4447 4794 5077 5308 5783 6167 6538 7111 7484 7939 8536 8826 9448 9694 8246 8568 8971 9397 9874
46 200 576 881 1172 1459 1829 2171 2508 2888 3409 3740 4043 4389 4719 4879 5194 5871 6194 7092 7659 8160 8836 9903 4662 4994 5310 5585 6027 6395 6747 7483 7709 8213 8734 8899 9303 9906 6042 8595 9248 9591 9992 9888 9832 4114 2098
12 201 622 1031 1583 2104 2706 3328 4237 5050 5897 7165 9255
3 202 722 9604
41 203 584 924 1314 1636 2015 2256 2564 3125 3615 3973 4491 4939 5544 6089 6517 6909 7440 7868 8779 9948 4107 4507 4824 5148 5525 5796 6205 6547 7142 7536 8008 8538 8938 9389 9466 8267 8504 8977 9408 9754
46 204 585 982 1391 1645 2128 2625 3089 3395 3966 4536 4810 5437 6239 6838 7542 9001 9934 3384 3693 4068 4415 4718 5166 5435 5759 6218 6535 7038 7374 7727 8047 8552 8855 9278 9964 8099 8502 8983 9257 9646 9850 9872 7320 7678 1959
3 205 697 2423
9 206 632 1209 1762 2345 2985 3870 5707 7456
37 208 541 886 1158 1444 1796 2014 2413 2704 3129 3814 4054 4399 4778 5626 6047 6733 7204 7445 7799 8556 9074 9508 3709 5008 5324 5598 6049 6437 6874 7580 7743 8131 8573 8892 9249 9833
20 209 565 933 1261 1553 1963 2225 2581 2889 3571 3884 4143 4441 4928 5722 6158 6771 7360 7972 9208
32 210 595 1018 1500 2072 2638 3214 3859 4437 5543 6161 6960 8443 9452 2198 2557 2858 3150 3536 4015 4325 4641 5036 5699 6129 6591 7044 7515 7898 8336 9156 9706
40 211 599 1026 1497 2109 2667 3311 3979 4699 5698 6564 7718 9838 1717 2191 2570 2912 3335 3711 4110 4460 4818 5347 5847 6137 6611 7159 7585 8156 8869 9946 6424 7175 7494 7871 8438 8820 9096 9391 9961
38 212 819 2103 8194 558 612 910 1139 1250 1562 1740 1996 2232 2470 2624 3069 3262 3494 4100 4430 4919 5265 5718 5971 6396 6962 7189 7635 8300 9005 9920 6687 7191 7575 8046 8506 8904 9593
32 214 613 1041 1501 2079 2694 3112 3906 4793 5789 6663 8753 9782 1769 2205 2573 2914 3275 3667 4017 4363 4679 5064 5701 6143 6624 7124 7546 7912 8425 9174 9896
41 215 515 792 1104 1460 1838 2237 2527 2951 3535 3999 4709 5339 5824 6465 6981 7505 7730 8712 9124 3815 4236 4568 4803 5115 5333 5680 6123 6379 6622 7028 7489 7981 8262 8593 9051 9871 8404 9037 9416 9816
38 216 572 888 1118 1423 1688 1988 2262 2675 2973 3271 3657 4125 4522 4738 5043 5468 5923 6373 6923 7827 8127 8902 9036 3873 5233 5503 5815 6283 6634 7054 7541 8000 8316 8603 8944 9281 9908
5 217 638 1313 1993 3708
6 218 641 1315 2155 2681 7649
32 219 594 954 1352 1654 2113 2639 3140 3689 4267 4927 5882 6308 7741 8228 9573 8782 3149 3462 3811 4156 4550 5045 5547 6145 6581 6915 7298 7725 8223 8667 9587
46 221 590 883 1120 1431 1724 2004 2428 2837 3213 3799 4059 4321 4654 4842 5103 5630 6165 6834 7145 7902 8433 9881 4671 5041 5345 5612 6000 6411 6703 7117 7660 8004 8318 8878 9092 9855 8097 8724 9157 9635 9942 5832 7080 6340 6781
35 222 631 1043 1476 1949 2471 3070 3577 4039 4631 5466 6052 7246 7852 8539 8409 2785 3172 3518 3992 4165 4553 4948 5170 5439 5935 6690 7071 7345 7766 8145 8390 8886 9326 9668
31 223 600 965 1382 1673 2133 2650 3189 3691 4296 4907 5560 6327 6667 8225 9894 2793 3177 3680 4025 4370 4684 5096 5768 6174 6644 7206 7591 8082 8444 9429
3 224 849 1648
46 225 603 984 1403 1741 2271 2662 3217 3712 4326 4959 5907 6637 7837 8353 9003 2795 3201 3524 3907 4175 4566 5055 5578 6176 6653 7210 7684 8331 9009 9512 6720 7219 7579 8072 8517 8993 9634 9808 9111 9360 9868 1134 7849 5455 3160
10 226 640 1227 1820 2357 3008 3580 4605 6164 7502
42 227 502 795 1076 1299 1555 1980 2097 2474 2842 3199 3609 3920 4280 4614 5056 5252 5393 5927 6140 6803 7211 7669 8209 8456 9657 9028 5703 5938 6416 6868 7259 7691 8249 8486 8988 9412 9917 4967 9194 9589 9913
35 228 604 985 1426 1850 2461 3087 3469 3947 4510 5402 5936 6377 7843 8574 8068 2803 3258 3476 3762 4152 4567 4858 5177 5512 5861 6515 7037 7352 7873 8231 8446 8915 9359 9681
38 229 504 851 1121 1370 1671 1986 2153 2539 2852 3136 3568 3889 4167 4373 4727 5040 5287 5628 6039 6232 6589 7067 7535 8030 8508 9013 9834 5057 6062 6265 6819 7230 7603 8093 8518 9006 9690
46 230 609 989 1392 1713 2108 2407 2899 3371 3621 4041 4912 5558 6289 6907 7544 8981 9778 2600 3698 4151 4573 4739 5167 5457 5862 6567 7062 7257 7466 7811 8347 8558 8989 9414 9862 8057 8545 9075 9454 9980 8078 9581 9413 4467 2822
17 231 611 999 1450 1823 2449 2733 3230 3725 4242 4624 5286 5764 6577 7518 8244 9113
41 232 597 893 1166 1489 1847 2056 2540 2872 3343 3837 4085 4404 4742 4894 5267 5893 6196 7339 7857 8648 9022 9610 4616 5049 5349 5658 6005 6427 6752 7240 7693 8025 8325 8859 9116 9780 8044 8896 9336 9685
3 233 960 7414
15 234 618 1033 1471 1884 2486 3133 3578 4222 4798 5548 6184 7371 7926 8583
47 235 711 1766 6422 187 602 688 811 1140 1390 1681 1787 2129 2289 2832 3110 3286 3631 4132 4546 5015 5379 5752 5978 6403 6905 7262 8161 8767 9105 9511 6729 7232 7667 8111 8553 8914 9339 9939 9211 9498 9988 9488 8103 5260 8033 9670
41 236 615 972 1168 1490 1853 2251 2593 3109 3594 4016 4554 5321 5607 6316 6702 7220 7647 8803 9374 3832 4246 4660 4896 5116 5423 5797 6221 6522 6971 7597 7812 8055 8677 8907 9187 9703 8546 9031 9366 9699
47 237 623 1013 1478 2074 2545 3141 3930 4479 4981 5729 6776 7772 8092 9188 2517 2813 3259 3557 4001 4252 4577 5059 5584 6178 6601 6945 7363 7888 8319 9266 9929 7148 7382 7787 8170 8565 8885 9130 9515 9884 9692 5482 7851 6440 2603 1179
35 239 628 998 1456 1763 2173 2696 3270 3726 4319 4993 5538 6251 6704 8061 8792 9698 3123 3460 3746 4186 4587 4903 5218 5556 5878 6572 6847 7284 7706 7983 8435 8925 9207 9552
5 240 764 1367 2217 4644
12 241 646 1065 1506 2115 2709 3345 4353 5365 6647 7947 9837
39 242 651 1316 1881 2380 3038 4014 5486 9438 1109 1348 1590 1776 2126 2295 2591 2950 3429 3774 4124 4504 5018 5451 5848 6253 6692 7053 7558 7994 8491 9316 9295 7179 7496 7969 8471 8834 9350 9725
35 243 619 986 1401 1662 2032 2278 2653 3113 3596 4023 4405 4606 5656 6109 6583 7306 7683 8533 9905 3860 4327 4784 5144 5446 5875 6312 6740 7268 7503 7863 8350 8591 9118 9707
39 244 652 1323 2007 2678 3952 9784 701 957 1191 1365 1608 1907 2154 2409 2937 3176 3506 4021 4428 4930 5330 5727 6075 6492 6850 7217 7832 8379 9088 9611 6770 7244 7625 8108 8564 8911 9415 9854
11 245 633 1072 1586 2177 2712 3366 4526 5410 7134 9138
15 246 658 1077 1514 2089 2553 3135 3752 4360 4877 5549 5950 7214 7861 8619
10 247 657 1086 1682 2203 2749 3404 4422 5470 7492
12 248 661 1237 1765 2308 2828 3421 4354 5551 6656 7775 9958
31 249 635 1047 1480 1901 2503 3154 3706 4320 4936 5559 6068 7319 7934 8978 1813 2830 3169 3471 3763 4195 4588 5068 5592 6182 6696 7126 7564 7999 8495 9337
37 250 620 991 1182 1524 1870 2082 2549 2949 3418 3890 4118 4451 4846 5338 5858 6070 6825 7389 7897 8788 9523 4469 4796 5113 5377 5632 5999 6348 6643 7110 7561 8005 8358 8862 9089 9728
31 251 749 1327 2016 2661 4188 8696 746 1030 1330 1505 1794 2106 2310 2843 3144 3280 3507 4136 4511 4986 5426 5775 6223 6518 6940 7231 7848 8233 8839 9401
35 252 639 1050 1495 1780 2246 2726 3255 3428 3749 4537 5011 5589 6317 7119 7604 7970 9679 3363 3701 4091 4436 4817 5188 5506 5887 6328 6795 7291 7522 7906 8437 8604 9068 9455
6 253 769 1345 2134 2791 5193
31 254 645 1075 1510 1987 2529 3163 3842 4517 5032 5734 6755 7805 9505 2228 2578 2920 3348 3715 4130 4591 5106 5395 5869 6272 6698 7218 7808 8171 8537 9566
31 255 668 1107 1628 2197 2718 3355 4352 4998 5915 6810 8479 9724 1831 2236 2608 3040 3465 3770 4140 4519 5083 5405 5874 6345 6706 7196 7626 8041 8563 9614
36 256 540 813 1127 1304 1683 2017 2500 2683 3026 3370 4033 4406 4648 4853 5179 6004 6243 7113 7665 8104 8690 9638 4759 5127 5400 5724 6125 6500 6676 7227 7745 8122 8755 8939 9434
36 257 642 1029 1409 1736 2111 2411 2886 3372 3761 4073 4816 5449 5932 6560 7048 7524 8043 8637 9193 3968 4303 4543 4807 5128 5448 5863 6286 6553 7330 7610 7950 8505 8769 9216 9458
36 258 643 1052 1469 1781 2227 2723 3142 3475 3768 4102 4971 5624 6335 7121 7991 8987 8979 3423 3704 3991 4442 4834 5210 5499 5850 6212 6436 7078 7401 7614 8067 8562 8801 9222 9792
46 259 649 1084 1513 2102 2566 3208 3936 4532 5161 6271 7399 9404 8360 1999 2452 2836 3260 3582 4005 4278 4589 5070 5597 6183 6456 6941 7242 7696 8124 8578 8999 9999 7324 7781 8177 8492 8890 9150 9629 9811 9696 9475 9738 9058 1711
46 260 695 1108 1728 2211 2779 3451 4461 5257 6264 7747 9481 9358 1833 2239 2609 3001 3439 3745 4079 4396 4691 5119 5514 6171 6460 6951 7288 7702 8242 8773 9624 9560 7427 7760 8152 8513 8949 9175 9520 9836 9168 9371 6933 6428 1785
35 261 644 1034 1262 1664 2034 2312 2663 3276 3666 4142 4744 5452 6241 6593 7052 7551 8146 9710 8965 3877 4338 4717 4966 5151 5542 5901 6244 6559 7390 7670 8089 8605 9081 9672
31 262 717 1350 2157 2994 8311 577 750 1038 1339 1520 1737 1985 2166 2346 2637 3103 3480 3777 4158 4489 4844 5404 5803 6187 6714 7248 7813 8186 8671 9518
47 263 672 1090 1528 2117 2597 3219 3938 4580 5256 6029 7004 8240 9444 2209 2550 2855 3264 3612 3954 4227 4597 5010 5301 5700 6188 6773 7237 7532 8140 8490 8942 9400 9712 7277 8039 8406 8678 9128 9612 9891 9718 3425 7136 5954 8019 2863
30 264 699 1254 1798 2385 2904 3467 4502 5561 7559 9163 1387 1734 1863 2253 2622 3079 3489 3784 4163 4497 4988 5441 5947 6350 6802 7273 7879 8419 9125
4 265 900 1921 3399
36 266 648 1023 1280 1621 1892 2283 2631 3043 3602 4056 4359 4670 4982 5743 6342 6917 7376 8112 9020 9977 3875 4398 4797 5129 5456 5860 6262 6452 6658 7278 7748 8040 8391 8931 9300
39 267 714 1266 1891 2594 3285 4364 5320 6441 8618 1359 1614 1890 2137 2359 2644 3170 3500 3835 4178 4564 5118 5600 5962 6362 6726 7221 7823 8259 8947 9897 2150 6570 7487 7979 8464 8865 9362 9851
32 268 707 1110 1633 2214 2731 3406 4197 5317 5953 7886 9827 1599 1842 2244 2614 2966 3292 3703 4044 4388 4726 5175 5770 6192 6716 7035 7556 7909 8370 8843 9647
11 269 712 1112 1685 2248 2819 3457 4512 5562 7063 9212
32 270 705 1087 1529 2160 2721 3354 3959 4683 5845 6332 7194 9873 1846 2241 2599 2860 3283 3722 4048 4348 4736 5121 5647 6191 6585 6993 7290 7831 8276 9046 9671
42 271 571 899 1132 1435 1754 2019 2534 2759 3096 3389 3662 4149 4557 4847 5123 5463 6043 6219 6913 7274 8079 8326 8985 9331 5241 5528 5898 6155 6509 6869 7180 7408 7910 8454 8581 9084 9436 9949 8220 9440 9826
31 272 708 1129 1686 2257 2834 3468 4585 6017 7577 6371 1466 1691 1909 2252 2633 2992 3479 3780 4174 4520 4857 5279 5791 6206 6665 7058 7587 8028 8480 9345
35 273 589 901 1189 1493 1873 2204 2658 3184 3690 4154 4772 5518 6273 6887 7477 8002 9476 9572 3720 4057 4455 4867 5228 5587 5969 6584 6860 7305 7672 7928 8448 8661 9160 9729
31 274 716 1101 1534 2162 2612 3237 3940 4619 5471 6266 7123 7806 9015 2263 2640 3009 3318 3741 4117 4413 4782 5442 5828 6291 6741 7075 7615 8029 8571 9473
39 275 498 817 952 1217 1282 1735 1777 2039 2511 2646 2763 2948 3314 3435 3705 4160 4371 4637 5268 5485 5755 5989 6487 6788 7506 7786 8405 9210 9521 6227 6785 7251 7648 8053 8549 8913 9380 9853
38 276 593 902 1193 1317 1694 2020 2390 2682 3003 3400 4051 4475 4786 5047 5563 6071 6852 7465 7967 8243 9291 9181 3155 5097 5245 5529 5997 6284 6657 7022 7375 7777 8251 8528 8728 9363 9771
2 277 969
31 278 723 1183 1716 2264 2848 3474 4540 5681 7260 8351 719 1577 1893 2293 2642 3090 3520 3785 4201 4687 5124 5497 5972 6365 6786 7236 7829 8116 8643 9644
11 279 725 1153 1669 2250 2844 3522 4516 5851 7187 8670
39 280 476 702 961 1080 1260 1412 1770 1895 2274 2558 2867 2986 3290 3584 3730 4161 4471 4902 5484 5688 6110 6528 7095 7571 8064 8280 8719 9775 3249 6319 6857 7253 7668 8176 8572 9044 9425 9885
4 282 946 1508 4361
38 283 973 9895 526 601 626 1021 1192 1275 1398 1631 1913 2053 2258 2410 2960 3298 3819 4180 4743 5067 5546 5806 6387 6789 7366 7821 8361 8923 9656 6330 6796 7279 7679 8178 8577 9149 9720
8 284 730 1369 2075 2620 3334 4915 6787
12 285 727 1155 1646 2261 2866 3583 4518 5372 6149 7270 8805
38 286 528 736 968 1178 1264 1441 1547 1804 1904 2021 2403 2707 2892 2955 3194 3563 3834 4215 4603 5027 5540 5880 6400 6792 7070 7780 8212 9048 9749 6347 6864 7295 7715 8239 8645 9178 9760
5 287 824 1551 2338 6091
46 289 606 925 1206 1544 1879 2287 2692 3193 3714 4198 4849 5649 6431 7152 8376 9064 8542 3482 3781 4200 4621 5053 5343 5704 6233 6813 7247 7663 7973 8378 8787 9232 9923 7418 7883 8432 8740 9190 9678 9735 9543 9106 7833 5604 835
40 290 664 1054 1502 1806 2458 2880 3294 3977 4336 5009 5812 6356 6783 8272 9767 9542 3145 3492 3765 4099 4476 4887 5302 5749 6552 7001 7344 7844 8283 8764 9040 9996 7511 7793 8227 8586 8950 9263 9721
38 291 605 908 1131 1302 1602 1971 2083 2502 2859 3251 3585 3894 4177 4656 5098 5385 5750 6270 6568 7254 7736 8344 8789 9514 5325 5532 5865 6168 6516 6876 7203 7800 8256 8541 8974 9274 9815
15 292 669 1057 1523 1970 2543 3032 3572 3994 4468 5017 5937 6673 7965 8768
7 293 731 1385 2031 2668 3642 6014
38 294 630 926 1207 1526 1799 2033 2551 2845 3137 3470 4094 4498 4837 5087 5866 6126 6903 7501 7977 8576 9667 9101 4753 5130 5334 5564 5914 6234 6563 6922 7361 7872 8263 8588 9056 9500 9839
10 296 732 1279 1937 2329 3024 3769 4771 6413 7796
11 297 728 1162 1718 2269 2881 3589 4556 5877 6732 8009
10 298 735 1281 1800 2400 3062 3913 5273 6511 8694
30 299 737 1305 1939 2441 3030 3826 4685 5988 7341 9510 1472 1751 1926 2323 2673 3151 3532 3850 4281 4689 5162 5664 5994 6380 6851 7285 8138 8525 9142
41 300 673 1063 1416 1789 2229 2684 3031 3394 3809 4220 4859 5657 6499 7125 7746 9030 8935 3387 3756 4060 4458 4777 5086 5522 5683 5916 6295 6750 7409 7767 8191 8611 8956 9365 9739 7914 8561 8961 9417 9732
33 301 680 1068 1488 1848 2270 2750 3307 3823 4362 4979 5660 6366 6867 7677 8891 7923 3179 3501 3844 4248 4627 4975 5303 5639 5975 6697 7076 7549 8007 8489 8990 9409
33 302 742 1157 1570 2282 2812 3239 3993 4698 5712 6524 7294 9431 8819 1579 2563 2847 3268 3623 4009 4282 4630 5071 5384 5781 6574 6814 7300 7712 8148 8610 9011 9469
32 303 744 1116 1561 2159 2575 3165 3713 4367 4973 5586 6762 7470 8412 8596 2583 2876 3291 3716 4030 4298 4640 5090 5397 6138 6582 7005 7346 7859 8288 9021 9653
36 304 662 927 1214 1642 1885 2292 2806 3327 3718 4159 4668 5363 5872 6602 7019 7595 8197 9517 8955 4049 4390 4751 4870 5181 5610 5925 6309 6562 7405 7629 7784 8147 8808 8967 9370
34 305 693 1088 1563 1984 2579 3224 3841 4369 4984 5569 6074 7764 8402 8589 2586 2823 3181 3519 3866 4250 4639 5074 5355 5856 6531 6820 7082 7355 7941 8278 8509 9002 9390
31 307 748 1202 1731 2285 2862 3601 4548 5481 6561 7908 9799 8945 1896 2304 2664 3019 3486 3802 4204 4544 5137 5579 5993 6375 6742 7172 7622 8119 8827 9783
19 308 670 995 1228 1585 1905 2300 2695 3204 3728 4203 4920 5576 5922 6489 7074 7618 8247 9788
37 309 674 943 1218 1548 1867 2044 2463 2730 3063 3437 3886 4232 4492 4836 5131 5572 6064 6285 6605 7266 8157 8451 9198 9569 4960 5524 5756 5966 6459 6966 7393 8036 8274 8652 9087 9750
34 310 683 1070 1439 1828 2181 2488 3007 3414 3751 4206 4968 5686 6534 7164 8750 9765 3198 3496 3772 4169 4480 4910 5224 5580 6097 6800 7108 7554 7949 8334 8796 9252 9617
41 311 685 987 1226 1557 1880 2066 2560 2869 3250 3605 4103 4499 4899 5745 6081 6801 7461 8045 8747 9277 9335 4494 4808 5134 5460 5868 6267 6615 7202 7651 7875 8616 9135 9501 9618 7937 8590 9131 9459 9785
9 312 754 1287 1943 2467 3403 4418 5644 7690
45 313 686 1044 1321 1667 2060 2315 2697 3231 3732 4208 5004 5709 6478 7154 7770 9041 9285 3503 3855 4219 4529 4933 5229 5596 6160 6711 7091 7387 7958 8332 8807 9283 9736 7794 8205 8434 8850 9219 9627 9817 8995 9151 6885 7759
38 314 544 837 1093 1306 1609 2009 2178 2548 2877 3269 3646 3963 4335 4700 5037 5205 5498 5841 6127 6870 7255 7862 8635 9301 9265 5535 5771 6046 6474 6910 7147 7572 7988 8460 8783 9270 9818
30 316 787 1333 1967 2544 3074 3633 4875 6632 7911 681 1492 1768 1976 2339 2674 3185 3545 3863 4290 4696 5200 5691 6006 6432 6861 7292 7943 8459 9199
32 317 752 1347 1815 2311 2907 3868 5007 6596 8385 7996 1408 1752 1924 2305 2677 3033 3513 3865 4241 4657 5169 5611 6010 6337 6743 7200 7630 8133 8587 9465 9922
45 318 755 1159 1605 2190 2732 3351 3943 4682 5609 6404 7422 9866 1925 2330 2604 2940 3295 3696 4053 4302 4642 5084 5403 6069 6586 6849 7308 7739 8295 8867 9596 9598 7529 7982 8530 8884 9165 9504 9915 8946 9740 2772 8725 4891
17 319 689 997 1303 1701 1914 2324 2708 3253 3737 4211 5025 5719 6688 7192 8776 9904
32 320 700 1117 1565 1992 2588 3352 3988 4695 5736 6650 8898 9643 1942 2332 2649 2933 3278 3620 4018 4304 4672 5100 5530 6213 6684 7077 7431 8031 8401 9077 9709
6 321 788 1399 2267 2719 3818
34 322 709 1091 1413 1819 2130 2364 2910 3433 3788 4216 5088 5728 6709 7280 8830 9586 3209 3533 3867 4249 4628 5022 5312 5763 6268 6856 7122 7525 7989 8345 8814 9060 9430
41 323 710 1094 1453 1783 2200 2492 3222 3445 3792 4234 5141 5765 6569 7281 8018 9244 8555 3505 3833 4088 4535 4926 5005 5313 5671 6007 6359 6738 7163 7661 7847 8369 8813 9179 9983 8299 8657 9202 9522 9804
47 324 757 1232 1786 2448 2911 3719 4586 5930 6942 8314 9354 1641 1956 2343 2679 3212 3546 4019 4316 4835 5306 5720 6048 6521 6884 7333 8301 9086 9269 6425 6879 7309 7698 8049 8569 8920 9393 9762 9246 9695 9601 9351 9145 9997 7590 1434
45 325 759 1164 1569 2196 2619 3369 4026 4735 5774 6542 8265 9650 1938 2297 2687 3215 3548 4147 4583 5048 5565 5958 6315 6827 7083 7634 8340 9114 9684 4078 6791 7216 7569 8003 8540 8910 9242 9546 9790 9445 9957 493 7318 4172
33 326 761 1200 1617 2199 2751 3450 4061 4615 4995 5593 6303 7839 9645 2335 2693 2963 3323 3731 4069 4350 4724 5133 5601 6224 6612 7025 7491 7893 8355 8688 9047 9683
38 327 474 551 928 1100 1152 1430 1592 1898 2027 2207 2722 2835 3035 3310 3771 4074 4448 4934 5487 5692 6120 6604 7372 8069 8173 9305 9972 5939 6200 6595 6928 7323 7719 8285 8620 9059 9451
45 328 563 850 1024 1210 1276 1487 1784 1932 2142 2595 2802 2924 3191 3416 3686 4090 4417 4598 4776 5505 5627 6009 6494 6839 7507 7945 8738 9357 6021 6461 6935 7351 7721 8257 8609 9078 9457 9753 9215 9662 9887 6507 6812 3190
31 329 765 1277 1790 2393 2938 3607 4552 5375 6189 6680 8180 9847 1983 2350 2701 3049 3528 3803 4190 4432 4792 5192 5811 6298 6749 7088 7673 8155 8684 9641
37 330 598 873 1095 1310 1692 2011 2184 2606 2944 3382 3672 4129 4496 4860 5139 5891 6259 7140 7687 8393 9221 9539 4466 5030 5336 5555 5942 6313 6710 7201 7675 8042 8466 8760 9110 9654
33 331 713 1114 1511 1858 2272 2787 3338 3739 4324 4848 5225 5819 6717 7413 8164 9347 8363 3534 3903 4286 4673 5105 5369 5821 6256 6862 7213 7560 8015 8550 9050 9513
40 332 729 1122 1537 1903 2362 2816 3413 3861 4613 4999 5521 6325 6901 8195 9962 2864 3302 3560 3950 4313 4692 5142 5603 6238 6701 7043 7493 8051 8414 9426 9998 7186 7539 7984 8286 8625 9019 9268 9719
40 334 733 1156 1578 1955 2490 2831 3523 3990 4342 5039 5599 5946 6745 7386 8880 9563 3210 3575 3914 4314 4703 5146 5407 6185 6590 6976 7312 7792 8137 8560 9066 9935 7545 7918 8297 8717 9073 9273 9752
45 335 762 1180 1658 2284 2778 3493 4224 4827 6094 6626 7608 8932 7997 2265 2607 2890 3306 3702 4076 4356 4758 5168 5425 6015 6609 6893 7188 7589 8020 8436 8871 9325 9609 7584 8085 8440 8851 9224 9621 9967 9742 9053 6613 5371
38 336 627 919 1138 1322 1525 1810 2132 2457 2629 2887 3134 3415 3806 4157 4365 4815 5248 5640 6058 6307 6949 7160 7599 8101 8888 9623 5046 5941 6463 6889 7116 7430 7842 8328 8649 9220 9835
31 337 758 1161 1581 2023 2605 3200 3613 4012 4646 5527 6012 7261 7966 8774 8918 2916 3331 3733 4089 4385 4785 5222 5818 6352 6721 7099 7676 8269 8973 9807
39 338 675 939 1149 1326 1676 2028 2188 2685 2967 3401 3674 4109 4525 4861 5288 5929 6297 6645 7182 8010 8388 8739 9945 2849 5062 5557 5846 6093 6475 6871 6983 7367 7723 8266 8594 8958 9395 9848
15 339 751 1169 1582 2035 2621 3221 3627 4255 4664 5633 6311 7435 8037 9349
4 340 825 1596 3082
4 341 977 1637 3767
12 342 767 1208 1782 2294 2885 3547 4274 4890 6157 7153 9969
41 343 679 975 1167 1427 1749 2040 2276 2686 3028 3458 3939 4470 4706 4911 5335 6034 6401 7085 7451 7905 8647 9840 4805 5136 5387 5713 6255 6464 6727 7296 7755 8123 8499 8889 9218 9689 8551 9038 9441 9755
7 344 796 1473 2213 2783 4576 9346
30 345 763 1234 1663 2302 2926 3588 4138 4702 5430 5918 6883 7841 9423 2351 2710 3182 3544 3892 4344 4985 5427 5732 6134 6530 6953 7350 8208 8705 9341
39 346 783 1337 1812 2487 3106 4063 5044 6804 6830 1141 1512 1779 2003 2352 2728 3254 3553 4179 4601 5072 5577 5924 6306 6724 7023 7479 8312 9132 9639 4764 6888 7331 7707 8063 8575 8924 9394 9795
30 348 770 1297 1834 2478 2942 3645 4707 5991 7272 9418 1539 1805 2012 2353 2738 3192 3565 3925 4375 4992 5367 5761 6072 6438 6924 7353 7961 8692 9226
39 349 806 1446 2059 2804 3436 9556 766 1186 1407 1554 1795 2024 2167 2375 2744 3195 3603 4028 4456 5024 5450 5767 6100 6451 6930 7357 8397 9102 9926 6488 6890 7335 7699 8074 8615 8933 9406 9880
37 350 629 930 1151 1354 1693 2030 2255 2699 2900 3317 3677 4240 4555 4865 5186 5605 6132 6458 7193 7311 8202 8633 9631 4804 5326 5583 5886 6231 6620 6985 7412 7880 8322 8655 9067 9526
38 352 552 747 1025 1229 1541 1759 1897 2320 2647 2923 3147 3449 3944 4226 4424 4955 5295 5672 6195 6394 6987 7497 7920 8357 9146 9496 9493 5944 6245 6655 7020 7383 7728 8293 8646 9231 9842
36 353 741 1056 1406 1706 2125 2341 2929 3466 3789 4245 5143 5710 6254 6661 7228 7601 8058 8708 8823 3902 4260 4701 4909 5182 5654 5883 6299 6652 7316 7664 7942 8623 8815 9007 9490
30 354 772 1230 1687 2328 2959 3664 4643 5717 6598 8114 9786 1753 2000 2358 2745 3243 3606 4212 4547 5063 5504 5786 6166 6539 6963 7410 7964 8795 9519
31 355 774 1251 1699 2336 2884 3459 4196 4762 5780 6442 7474 8216 9388 2365 2715 2965 3332 3783 4116 4444 4822 5304 5834 6386 6735 7102 7700 8139 8702 9480
37 357 682 956 1174 1477 1792 2050 2355 2724 2984 3441 3684 4080 4538 4740 5150 5616 6346 6662 7818 8126 8622 9722 3831 4974 5388 5653 5965 6351 6718 7016 7441 7960 8292 8627 9090 9793
37 358 715 1002 1319 1650 1929 2165 2615 2979 3499 3869 4162 4595 4972 5762 6467 6986 7486 8203 9253 9878 4322 4501 4878 5153 5483 5826 6073 6421 6731 7061 7751 8076 8398 8689 9127 9809
45 359 775 1190 1649 2073 2655 3257 3838 4407 5110 5650 6798 7631 8514 8317 2636 2954 3312 3598 3932 4323 4734 5159 5474 6225 6648 7007 7321 7882 8373 8960 9659 9852 7426 7822 8183 8523 8870 9227 9559 9956 3636 9822 6056 3883
30 360 776 1274 1811 2398 2999 3872 4767 6088 7540 8307 1568 1807 2037 2391 2748 3304 3608 4101 4515 5073 5581 5804 6220 6565 6965 7428 8056 8703 9843
10 361 786 1311 1869 2422 3041 3652 4708 6055 7688
2 362 1154
35 363 718 1045 1320 1719 2187 2419 3046 3329 3773 4225 5089 5753 6101 6501 7101 7354 8032 8994 9886 4066 4481 4769 4957 5207 5520 5912 6361 6793 7415 7761 8153 8659 9158 9464
9 364 808 1361 2008 2670 3202 3918 5392 7417
35 365 720 1000 1292 1695 1936 2326 2714 3293 3754 4086 4429 4781 5623 5888 6592 6848 7480 8084 9025 9557 4141 4574 4937 5226 5693 6057 6470 6944 7419 7776 8294 8665 9185 9763
10 366 809 1378 1947 2501 3072 3901 4965 6121 7652
45 367 801 1201 1696 2210 2669 3374 3848 4416 5173 5711 6041 7726 8062 9580 2648 2971 3346 3804 4134 4446 4833 5327 5852 6388 6757 7167 7681 8087 8461 9405 9776 7205 7574 8017 8547 8906 9097 9540 9831 5588 9714 9049 8141 3042
4 368 836 1627 2507
34 369 803 1213 1591 2081 2764 3309 3699 4270 4746 5725 6153 6988 7900 8374 9422 2805 3235 3579 3919 4355 4722 5138 5315 5757 6276 6715 7131 7423 7990 8352 8842 9177 9453
31 370 807 1273 1703 2317 2784 3424 4008 4459 5215 6028 6823 7850 9829 2378 2698 3005 3347 3821 4229 4542 4856 5311 5890 6398 6837 7365 7975 8291 8997 9846
